Frontier size:	135
Weakly effici:	0
Total time:	4.4689
point	 time
0	0.0354727
1	0.0251077
2	0.0262191
3	0.030337
4	0.0204352
5	0.0264444
6	0.0265852
7	0.0239124
8	0.0274761
9	0.0307388
10	0.0413048
11	0.0241376
12	0.0284626
13	0.0194254
14	0.0252294
15	0.020045
16	0.0316927
17	0.0207374
18	0.0425002
19	0.0297542
20	0.0287589
21	0.0261561
22	0.0346603
23	0.0301548
24	0.0271011
25	0.0300281
26	0.0251928
27	0.0521985
28	0.0291892
29	0.0271262
30	0.0274302
31	0.0273922
32	0.0230946
33	0.0235413
34	0.027502
35	0.0285113
36	0.0242288
37	0.0235579
38	0.0321797
39	0.0272251
40	0.0219788
41	0.0280493
42	0.0309936
43	0.0335166
44	0.0370753
45	0.0425289
46	0.0276511
47	0.0336869
48	0.0289887
49	0.0269194
50	0.0328439
51	0.0338903
52	0.0377209
53	0.0230896
54	0.0389015
55	0.024689
56	0.0251977
57	0.0314598
58	0.0238122
59	0.0282439
60	0.0217855
61	0.0355727
62	0.0250886
63	0.027837
64	0.0216981
65	0.0317355
66	0.026905
67	0.023385
68	0.0267124
69	0.028095
70	0.0304822
71	0.0218207
72	0.021678
73	0.0315478
74	0.0395222
75	0.0268016
76	0.0265039
77	0.0226381
78	0.0222129
79	0.0366078
80	0.0180848
81	0.0226975
82	0.024512
83	0.0394894
84	0.0368342
85	0.0381438
86	0.0422282
87	0.0458389
88	0.037368
89	0.0345838
90	0.0316771
91	0.0348208
92	0.0461276
93	0.0321288
94	0.0549341
95	0.0466468
96	0.031575
97	0.0191853
98	0.0395388
99	0.0236753
100	0.0336175
101	0.015473
102	0.026123
103	0.0495835
104	0.0516911
105	0.0276622
106	0.0470196
107	0.0358326
108	0.040531
109	0.0237572
110	0.0124334
111	0.0138957
112	0.0340143
113	0.0276987
114	0.0298154
115	0.0601332
116	0.0678983
117	0.0460116
118	0.0478099
119	0.0425548
120	0.0504469
121	0.0527983
122	0.0426713
123	0.058219
124	0.0514479
125	0.0520052
126	0.016329
127	0.0732109
128	0.0346031
129	0.0398971
130	0.0299831
131	0.0749869
132	0.0628097
133	0.0431443
134	0.0379897
================== Frontier ==================
7617	850
7804	847
7879	846
8026	845
8183	844
8516	840
8533	836
8724	835
9100	833
9399	832
9469	831
9589	830
9765	828
9952	827
10065	825
10194	822
10440	818
10594	815
10750	814
10826	813
10858	812
11030	811
11076	810
11429	808
11768	807
11941	806
12105	804
12507	800
12524	798
12583	794
12604	793
12652	791
12776	790
12826	785
12856	784
12919	783
12990	782
13157	778
13237	777
13412	773
13439	769
13561	768
13658	767
13724	765
13913	762
14154	754
14356	753
14755	752
14859	748
14978	743
14997	742
15128	740
15208	738
15317	737
15734	723
15901	720
15932	719
16510	718
16582	716
16649	714
16927	712
17111	711
17230	710
17336	705
17473	703
17540	702
17721	701
17792	698
17867	697
18054	696
18136	695
18228	694
18310	690
18432	680
18484	675
18504	672
18736	670
18779	667
18842	666
19179	663
19259	662
19457	660
19657	658
19922	657
20071	655
20340	654
20484	653
20537	652
20574	645
20859	642
21045	641
21180	637
21396	635
21473	632
21672	627
21857	622
22052	621
22078	620
22141	617
22206	614
22375	613
22414	612
22552	601
22601	600
22777	597
22854	589
23098	588
23340	587
23441	584
23539	583
23662	582
23890	575
24027	574
24145	568
24299	563
24396	562
24494	551
24528	550
24654	542
24801	540
25031	538
25240	534
25367	533
25404	527
25433	523
25466	521
25474	518
25628	505
25641	498
25799	480
25839	471
25873	415
25949	392
25992	377
26005	371
