Frontier size:	126
Weakly effici:	1
Total time:	8.76883
point	 time
0	0.0444875
1	0.0412502
2	0.0536633
3	0.0442129
4	0.0352647
5	0.0405824
6	0.0318606
7	0.0419726
8	0.0569877
9	0.0341657
10	0.0447901
11	0.0550258
12	0.0590498
13	0.0617885
14	0.060089
15	0.0460114
16	0.101113
17	0.0831368
18	0.0516055
19	0.0626344
20	0.037222
21	0.0578677
22	0.0788459
23	0.0481693
24	0.12239
25	0.1002
26	0.101392
27	0.0575768
28	0.0523459
29	0.105239
30	0.0755447
31	0.0311383
32	0.0497978
33	0.0552787
34	0.0470962
35	0.0478577
36	0.0508586
37	0.0482329
38	0.0462212
39	0.0463377
40	0.0517069
41	0.046812
42	0.0589375
43	0.0861052
44	0.0571057
45	0.0432178
46	0.0471791
47	0.0716356
48	0.0462616
49	0.0557838
50	0.0566153
51	0.0434587
52	0.0494493
53	0.0647115
54	0.0921333
55	0.0433449
56	0.0510708
57	0.0560253
58	0.0611805
59	0.0506809
60	0.0581758
61	0.0529524
62	0.0578022
63	0.0581054
64	0.0553814
65	0.052096
66	0.0503763
67	0.0441455
68	0.0454732
69	0.051572
70	0.0613668
71	0.077574
72	0.0732135
73	0.0577723
74	0.0319664
75	0.0484637
76	0.0433053
77	0.0556518
78	0.104955
79	0.0617794
80	0.134671
81	0.132466
82	0.0609356
83	0.0663206
84	0.0546256
85	0.0664737
86	0.0821719
87	0.0928552
88	0.144589
89	0.0688371
90	0.107551
91	0.118192
92	0.0746434
93	0.0493453
94	0.0619616
95	0.0648438
96	0.141603
97	0.0706123
98	0.093311
99	0.147774
100	0.17146
101	0.0698757
102	0.0876548
103	0.140781
104	0.145441
105	0.0598543
106	0.0652568
107	0.178724
108	0.134548
109	0.083132
110	0.0974754
111	0.0694837
112	0.179777
113	0.110166
114	0.0507574
115	0.0622356
116	0.0922814
117	0.0375648
118	0.0421731
119	0.0566164
120	0.0554438
121	0.0719598
122	0.0519922
123	0.0794367
124	0.0206508
125	0.0669109
126	0.0459595
================== Frontier ==================
8932	850
9501	849
9554	845
9808	844
9887	841
9929	839
10154	838
10256	837
10505	836
10553	835
10799	834
10870	833
11005	832
11191	831
11393	828
11492	825
11862	821
12072	815
12234	814
12362	813
12406	810
12696	804
12783	798
12873	794
13454	793
13643	791
13911	788
14087	787
14240	786
14414	784
14621	780
14777	779
14890	778
15057	774
15137	772
15221	769
15248	767
15319	766
15607	763
15849	758
16002	757
16151	756
16353	754
16440	751
16586	745
16712	744
16942	740
17374	738
17806	734
17822	733
17990	731
17997	730
18283	723
18682	722
18798	720
18907	719
19194	718
19289	714
19461	698
19645	697
19847	696
20048	687
20093	680
20167	679
20247	678
20707	675
20772	669
20930	663
21120	662
21195	661
21395	656
21542	654
21747	650
21833	649
21957	648
22076	647
22253	645
22522	634
22709	630
22921	626
23021	624
23025	623
23126	621
23154	620
23310	619
23445	616
23526	609
23573	607
23929	606
23929	605
23932	603
24097	602
24228	592
24328	589
24447	588
24518	587
24687	586
24836	584
25070	583
25215	582
25258	580
25406	579
25568	575
25642	561
25704	560
25781	551
25813	540
26064	538
26153	537
26261	530
26356	525
26518	523
26717	518
26825	514
26922	499
27028	487
27073	426
27149	369
27154	350
27251	346
27360	344
27422	336
27559	318
27578	304
27607	299
27884	297
27944	291
