Frontier size:	136
Weakly effici:	0
Total time:	11.8942
point	 time
0	0.0909124
1	0.0708631
2	0.0484533
3	0.115581
4	0.0788823
5	0.0523849
6	0.0512475
7	0.0876365
8	0.113426
9	0.088889
10	0.0787066
11	0.163478
12	0.062136
13	0.0627385
14	0.0724245
15	0.0711917
16	0.0624029
17	0.0679508
18	0.0863531
19	0.05267
20	0.112442
21	0.0497402
22	0.113728
23	0.0954365
24	0.0587851
25	0.046152
26	0.0779786
27	0.0911134
28	0.108704
29	0.266852
30	0.0815269
31	0.125129
32	0.125698
33	0.0596906
34	0.0566722
35	0.0500469
36	0.0732624
37	0.0613401
38	0.0498993
39	0.0797183
40	0.0766737
41	0.0754667
42	0.0784225
43	0.0568802
44	0.0901581
45	0.0380058
46	0.119632
47	0.0907386
48	0.0726193
49	0.0670829
50	0.0493386
51	0.059148
52	0.0786207
53	0.077491
54	0.090566
55	0.0800619
56	0.113014
57	0.0796818
58	0.0971088
59	0.130525
60	0.0615814
61	0.163896
62	0.261892
63	0.19023
64	0.198242
65	0.147266
66	0.135404
67	0.18901
68	0.132294
69	0.109689
70	0.0923811
71	0.104708
72	0.0426427
73	0.155477
74	0.063767
75	0.0572334
76	0.0360235
77	0.0472095
78	0.0561447
79	0.0450136
80	0.0532737
81	0.199017
82	0.0865381
83	0.0381418
84	0.0588573
85	0.0592718
86	0.0841169
87	0.120923
88	0.054726
89	0.0631728
90	0.0792775
91	0.0663868
92	0.0761622
93	0.0740256
94	0.135854
95	0.0817719
96	0.0638433
97	0.034417
98	0.126279
99	0.0531336
100	0.0615207
101	0.0702705
102	0.0545574
103	0.058661
104	0.0706216
105	0.0552806
106	0.0661931
107	0.188457
108	0.176856
109	0.177254
110	0.133807
111	0.0966918
112	0.188553
113	0.073726
114	0.0789606
115	0.0613946
116	0.0564397
117	0.111474
118	0.110445
119	0.0582915
120	0.0628804
121	0.043199
122	0.0577391
123	0.177295
124	0.128244
125	0.0407367
126	0.0363835
127	0.0617178
128	0.0547649
129	0.0470607
130	0.105706
131	0.0594307
132	0.0430839
133	0.0348405
134	0.0439941
135	0.0388746
================== Frontier ==================
10132	850
10334	846
10500	845
10816	842
10825	840
10832	837
11137	836
11772	835
12118	833
12174	832
12334	831
12600	826
12623	824
12798	821
12949	820
13156	817
13583	816
13606	813
13683	812
14009	811
14368	810
14508	806
14985	800
15251	794
15315	792
15333	791
15506	790
15778	788
15803	786
16175	784
16197	783
16222	782
16295	781
16578	780
16688	779
16745	777
16792	767
16834	764
16843	761
17037	760
17062	751
17302	747
17463	744
17504	740
17685	737
17715	735
17848	734
18385	730
18710	727
19017	726
19241	724
19476	722
19918	720
19995	719
20022	718
20101	715
20305	714
20570	707
20859	706
20962	705
21148	704
21219	703
21338	702
21453	701
21575	699
21677	698
21693	697
22136	696
22143	693
22155	688
22215	687
22364	686
22449	679
22635	674
22648	668
22881	662
22939	657
23105	652
23207	649
23380	648
23513	647
23816	635
23975	633
24020	623
24252	622
24603	621
24880	618
24947	617
25130	612
25186	610
25282	607
25481	605
25638	597
25777	596
25885	582
25997	580
26131	579
26274	574
26580	570
26761	568
26802	567
26898	566
26961	555
27073	552
27274	551
27434	531
27466	528
27602	519
27656	518
27865	501
27970	490
28147	477
28151	416
28172	400
28181	385
28217	380
28222	360
28245	343
28346	330
28412	324
28491	311
28618	303
28693	302
28744	291
28745	288
28864	284
28915	275
29062	271
29081	269
29110	266
29153	265
29157	264
29376	260
29551	257
29958	255
30032	251
