Frontier size:	162
Weakly effici:	1
Total time:	37.1627
point	 time
0	0.0897878
1	0.0638847
2	0.0608166
3	0.115052
4	0.0799159
5	0.150355
6	0.17982
7	0.16665
8	0.215276
9	0.186814
10	0.0862984
11	0.0987104
12	0.236415
13	0.241603
14	0.203961
15	0.108247
16	0.085463
17	0.113631
18	0.0905872
19	0.110918
20	0.0955758
21	0.12547
22	0.150249
23	0.158185
24	0.249238
25	0.151416
26	0.277476
27	0.211753
28	0.156592
29	0.185581
30	0.12919
31	0.206662
32	0.137161
33	0.185832
34	0.36336
35	0.219504
36	0.13544
37	0.22784
38	0.458919
39	0.595792
40	0.162485
41	0.166758
42	0.223987
43	0.340706
44	0.199588
45	0.321064
46	0.0608144
47	0.199616
48	0.370522
49	0.313962
50	0.219195
51	0.13245
52	0.153318
53	0.114214
54	0.0885377
55	0.0821209
56	0.0828445
57	0.108493
58	0.185785
59	0.18014
60	0.328905
61	0.318609
62	0.352985
63	0.558845
64	0.225106
65	0.115414
66	0.112673
67	0.103577
68	0.150144
69	0.396583
70	0.280896
71	0.137441
72	0.199502
73	0.146867
74	0.35761
75	0.163783
76	0.242927
77	0.283673
78	0.152784
79	0.144588
80	0.163354
81	0.141617
82	0.0927431
83	0.111149
84	0.0874207
85	0.100194
86	0.624736
87	0.483941
88	0.400654
89	0.26153
90	0.25078
91	0.271147
92	0.614797
93	0.361583
94	0.136552
95	0.336674
96	0.10444
97	0.271605
98	0.466628
99	0.446042
100	0.185802
101	0.457791
102	0.491349
103	0.231517
104	0.436102
105	0.499052
106	0.204712
107	0.105986
108	0.207564
109	0.276628
110	0.271385
111	0.273541
112	0.305663
113	0.28727
114	0.183754
115	0.151957
116	0.367708
117	0.18584
118	0.169448
119	0.550953
120	0.198647
121	0.362748
122	0.154291
123	0.100889
124	0.0946381
125	0.310193
126	0.140347
127	0.106777
128	0.231427
129	0.115603
130	0.222307
131	0.256355
132	0.344508
133	0.132593
134	0.152708
135	0.222661
136	0.168563
137	0.466585
138	0.343526
139	0.217001
140	0.206019
141	0.179749
142	0.318086
143	0.441792
144	0.357134
145	0.151706
146	0.204226
147	0.277863
148	0.142544
149	0.250632
150	0.262251
151	0.307955
152	0.290725
153	0.120383
154	0.228531
155	0.12447
156	0.238471
157	0.144479
158	0.226764
159	0.341655
160	0.326344
161	0.235747
162	0.221509
================== Frontier ==================
8252	910
8432	909
8863	908
8928	907
9054	906
9305	905
9526	904
9554	901
9719	897
9992	896
10090	895
10360	893
10595	892
10678	891
10838	890
11040	883
11200	881
11351	880
11394	878
11455	877
11492	875
11577	874
11836	871
11912	868
12208	866
12337	861
12528	860
12721	859
12855	856
13103	854
13116	849
13371	846
13393	845
13476	841
13619	839
13634	836
13833	834
13923	833
14093	831
14230	828
14278	827
14281	825
14417	823
14568	821
14602	819
14603	818
14690	817
15024	813
15219	812
15323	810
15612	807
15639	806
15834	805
15842	804
15921	803
15926	801
16492	798
16634	795
16718	793
16800	792
16891	790
16974	789
17078	788
17268	784
17295	783
17313	780
17412	779
17511	778
17657	775
17817	774
18028	771
18049	770
18133	768
18223	767
18358	760
18437	759
18570	758
18617	751
18741	749
18779	748
18906	747
19026	746
19154	745
19416	743
19579	742
19715	739
20037	738
20068	737
20185	735
20227	731
20546	730
20633	729
20741	728
20886	726
20914	723
20944	722
21040	720
21233	713
21289	712
21466	710
21475	704
21577	703
21733	702
21922	701
22039	695
22438	688
22475	682
22688	681
22946	680
23067	678
23102	677
23193	676
23313	672
23328	670
23385	664
23595	657
23666	652
23918	649
24043	648
24355	642
24397	638
24496	636
24505	635
24506	631
24621	627
24947	626
25172	621
25286	616
25522	614
25528	612
25670	610
25689	607
25781	606
26181	601
26232	595
26388	592
26416	590
26518	589
26637	588
26692	587
26704	585
26833	577
27022	576
27163	568
27176	566
27185	563
27402	560
27464	557
27592	551
27594	544
27643	543
27756	538
27774	536
27843	522
27921	516
27971	459
28065	441
28078	431
28311	419
28353	410
28377	394
28377	388
28383	378
