Frontier size:	169
Weakly effici:	0
Total time:	19.0632
point	 time
0	0.0515276
1	0.038175
2	0.0591734
3	0.0559303
4	0.0431598
5	0.101545
6	0.0497475
7	0.0510235
8	0.0669865
9	0.0737327
10	0.0724487
11	0.0784503
12	0.0514557
13	0.0598163
14	0.0609439
15	0.0857116
16	0.0688307
17	0.071771
18	0.0685545
19	0.0779396
20	0.0731791
21	0.0545499
22	0.0595764
23	0.0521781
24	0.104688
25	0.0696311
26	0.0615927
27	0.0725261
28	0.0839048
29	0.0950739
30	0.102068
31	0.0913788
32	0.0699263
33	0.105344
34	0.115234
35	0.164797
36	0.10157
37	0.106458
38	0.207584
39	0.352373
40	0.118847
41	0.165154
42	0.240934
43	0.0665095
44	0.0992521
45	0.110744
46	0.127693
47	0.103519
48	0.0671565
49	0.0758429
50	0.0878198
51	0.114876
52	0.113748
53	0.0914033
54	0.0604343
55	0.0944166
56	0.0930166
57	0.0505601
58	0.0518789
59	0.0575731
60	0.0751105
61	0.0712859
62	0.106223
63	0.121781
64	0.116139
65	0.078343
66	0.107814
67	0.13062
68	0.0874829
69	0.149513
70	0.33106
71	0.152288
72	0.0684775
73	0.109162
74	0.195951
75	0.20064
76	0.108355
77	0.108664
78	0.141989
79	0.0422725
80	0.0597721
81	0.124765
82	0.115297
83	0.0827976
84	0.0763112
85	0.058663
86	0.0904805
87	0.108775
88	0.138549
89	0.164051
90	0.148615
91	0.116852
92	0.116271
93	0.100862
94	0.0906399
95	0.0569495
96	0.0628154
97	0.055719
98	0.0871996
99	0.0705286
100	0.0335219
101	0.0390946
102	0.0388628
103	0.042572
104	0.0607751
105	0.0481558
106	0.0834438
107	0.0468615
108	0.145203
109	0.18331
110	0.12014
111	0.089455
112	0.0850501
113	0.0663344
114	0.0524979
115	0.0471536
116	0.0551375
117	0.0613781
118	0.0645336
119	0.0411834
120	0.0587041
121	0.0294144
122	0.0414108
123	0.0321772
124	0.0791314
125	0.0445638
126	0.0404533
127	0.10766
128	0.0786191
129	0.0662575
130	0.0645578
131	0.0365207
132	0.0456854
133	0.0499219
134	0.037303
135	0.0423907
136	0.0397237
137	0.140954
138	0.0619635
139	0.0506162
140	0.0432996
141	0.141148
142	0.104448
143	0.124361
144	0.124927
145	0.185237
146	0.241392
147	0.276764
148	0.501399
149	0.396074
150	0.368732
151	0.29331
152	0.0749754
153	0.220559
154	0.289459
155	0.473313
156	0.241109
157	0.202164
158	0.137243
159	0.192161
160	0.285953
161	0.317335
162	0.279333
163	0.280867
164	0.125854
165	0.21278
166	0.163837
167	0.182796
168	0.11481
================== Frontier ==================
7137	908
7474	907
7682	906
8094	905
8269	903
8732	898
8785	897
8900	896
9074	895
9287	894
9503	893
9870	891
9952	889
9978	888
10097	884
10343	882
10407	880
10439	878
10486	875
10881	874
11026	873
11034	872
11153	870
11185	867
11346	866
11561	865
11715	864
11837	860
11871	859
11966	858
12350	857
12365	855
12438	854
12444	853
12491	852
12739	850
12922	848
13071	847
13238	846
13325	841
13341	840
13417	838
13441	837
13529	836
13604	833
13677	832
13784	829
13932	828
13951	827
14011	826
14200	824
14299	823
14312	822
14335	814
14350	813
14527	812
14626	809
14684	808
14781	807
14838	806
15121	803
15177	801
15217	799
15247	798
15296	797
15450	796
15572	794
15648	793
15837	791
15929	790
16036	788
16076	787
16134	785
16211	784
16318	783
16328	781
16337	780
16426	778
16717	776
16985	775
17083	773
17330	762
17341	761
17366	758
17423	757
17451	754
17604	753
17761	752
17891	751
17913	748
17997	746
18080	744
18182	743
18184	742
18206	741
18312	739
18415	738
18477	737
18580	731
18699	730
18783	727
18835	723
19076	722
19144	718
19454	717
19869	713
19973	712
20066	706
20333	704
20658	703
20883	700
21040	699
21206	697
21333	692
21439	691
21498	689
21578	687
21674	686
21739	683
21810	679
21918	674
21974	673
21990	670
22162	669
22322	667
22349	665
22360	661
22521	659
22675	657
22872	656
23100	654
23474	653
23518	649
23689	645
23938	642
24017	638
24133	637
24348	635
24433	634
24590	624
24679	620
24979	611
25088	600
25200	599
25228	597
25450	586
25615	584
25699	582
25919	578
25925	570
26070	569
26077	555
26140	554
26262	551
26480	549
26526	543
26591	532
26611	531
26698	529
26718	520
26816	517
26844	505
26968	467
27019	449
27076	445
27145	426
27250	422
27339	406
27385	394
