Frontier size:	158
Weakly effici:	1
Total time:	51.7876
point	 time
0	0.0800166
1	0.0456742
2	0.147454
3	0.114452
4	0.147464
5	0.142927
6	0.16985
7	0.308489
8	0.393647
9	0.185512
10	0.230217
11	0.287966
12	0.413344
13	0.38203
14	0.271608
15	0.111179
16	0.209392
17	0.248408
18	0.114274
19	0.0668467
20	0.0514262
21	0.084693
22	0.196758
23	0.0858998
24	0.114521
25	0.320305
26	0.210109
27	0.990525
28	0.309226
29	0.184435
30	0.230572
31	0.218664
32	0.612786
33	0.391044
34	0.812529
35	0.941982
36	0.156648
37	0.541334
38	0.359203
39	0.501311
40	0.250958
41	0.224243
42	0.31865
43	0.319989
44	0.175177
45	0.167502
46	0.420974
47	0.214075
48	0.372542
49	0.336765
50	0.210372
51	0.202621
52	0.238296
53	0.155388
54	0.0920192
55	0.0995946
56	0.210388
57	0.271114
58	0.155429
59	0.471157
60	0.76559
61	0.661937
62	0.794847
63	0.275561
64	0.174769
65	0.401485
66	0.63841
67	0.28812
68	0.234959
69	0.300279
70	0.222971
71	0.0515013
72	0.134247
73	0.0961887
74	0.371702
75	0.191818
76	0.496191
77	0.307577
78	0.536224
79	0.616183
80	0.480599
81	0.198431
82	0.339203
83	0.12362
84	0.212931
85	0.202633
86	0.199445
87	0.113826
88	0.314477
89	0.151496
90	0.34011
91	0.133671
92	0.093901
93	0.0511389
94	0.101899
95	0.404635
96	0.414942
97	0.16931
98	0.36271
99	0.350177
100	0.482569
101	0.323398
102	0.373608
103	0.190578
104	0.220636
105	0.641839
106	0.202339
107	0.244285
108	0.59272
109	0.456031
110	0.36471
111	0.459123
112	0.497634
113	0.307392
114	0.253577
115	0.214886
116	0.343877
117	0.684313
118	0.498237
119	0.29211
120	0.814067
121	0.415974
122	0.359654
123	0.219951
124	0.177587
125	0.355575
126	0.406047
127	0.110712
128	0.102448
129	0.110462
130	0.101262
131	0.0882651
132	0.273166
133	0.366437
134	0.397525
135	0.40548
136	0.46749
137	0.519295
138	0.761213
139	0.39051
140	0.376962
141	0.515011
142	0.347668
143	0.290857
144	0.413866
145	0.944737
146	0.398479
147	0.557327
148	0.395745
149	0.575836
150	0.433614
151	0.597266
152	0.513045
153	0.635009
154	0.291212
155	0.299735
156	0.367671
157	0.363048
158	0.308392
================== Frontier ==================
8808	910
8935	907
9387	905
9776	904
10043	903
10174	902
10223	901
10524	899
10671	897
10696	896
10859	894
10981	893
11189	891
11238	889
11316	888
11491	885
11904	884
12102	881
12188	880
12224	879
12416	877
12557	874
12677	873
12712	872
13011	871
13188	870
13208	869
13471	868
13585	865
13645	862
13671	860
13749	857
14257	856
14263	855
14344	853
14380	850
14460	848
14553	845
14643	844
14715	843
14929	839
14933	838
14997	837
15141	836
15150	831
15177	830
15281	827
15301	825
15363	823
15465	822
15544	820
15585	819
15751	818
16037	817
16088	815
16259	811
16401	809
16662	808
16711	807
16971	805
17093	804
17098	800
17259	798
17342	796
17471	793
17763	791
17844	789
17894	779
18001	778
18136	776
18186	775
18209	773
18339	770
18722	769
18893	768
19184	766
19362	764
19500	762
19586	760
19589	758
19752	753
19763	752
19800	750
19950	745
20152	743
20432	742
20477	738
20535	734
20829	732
20880	731
20955	730
20972	729
20973	720
21003	717
21171	715
21681	713
21812	712
21831	711
21881	710
21936	709
22001	708
22124	705
22227	704
22405	703
22442	702
22714	699
22762	695
22888	694
23271	693
23271	688
23442	687
23588	686
23600	680
23628	678
23838	677
24073	675
24134	674
24354	667
24518	665
24522	660
24672	658
24697	656
24780	648
24814	647
24932	644
25220	641
25224	639
25255	638
25438	636
25516	632
25701	630
25810	629
26150	628
26229	627
26451	621
26501	613
26605	609
26705	607
26901	606
26957	602
27107	595
27228	592
27303	591
27383	588
27488	586
27646	582
27791	570
27896	559
28106	557
28179	550
28439	540
28628	517
28737	455
28787	444
28860	443
28877	441
28997	398
29039	384
29167	378
