Frontier size:	179
Weakly effici:	1
Total time:	88.4942
point	 time
0	0.0685292
1	0.119984
2	0.0829439
3	0.280283
4	0.411806
5	0.200998
6	0.252901
7	0.140395
8	0.158552
9	0.108447
10	0.0621303
11	0.351576
12	0.49608
13	0.482549
14	0.9708
15	0.649635
16	1.00982
17	1.20107
18	0.70548
19	0.929412
20	1.02186
21	0.334015
22	0.24734
23	0.416652
24	0.34238
25	0.331966
26	0.172742
27	0.534908
28	0.47958
29	0.399355
30	0.358745
31	0.480587
32	0.342716
33	0.309068
34	0.410423
35	0.364628
36	0.415066
37	0.240531
38	0.655878
39	0.203086
40	0.425918
41	0.19836
42	0.2956
43	0.151155
44	0.210971
45	0.242593
46	0.233056
47	0.27122
48	0.180844
49	0.499581
50	0.386545
51	0.34058
52	0.269566
53	0.268387
54	0.239044
55	0.409715
56	0.351685
57	0.808786
58	0.977355
59	0.85856
60	0.366225
61	0.453658
62	0.676648
63	0.634889
64	0.418979
65	0.403272
66	0.784304
67	0.617016
68	0.954629
69	0.941233
70	0.480428
71	0.69845
72	0.594255
73	0.609697
74	0.410143
75	0.233181
76	0.383003
77	0.607395
78	0.673165
79	0.439234
80	0.582546
81	0.70745
82	0.598144
83	0.830928
84	0.669965
85	0.541399
86	0.207738
87	0.210892
88	0.208087
89	0.384765
90	0.17508
91	0.284797
92	0.691362
93	0.328454
94	0.167358
95	0.27941
96	0.357488
97	0.942929
98	0.777194
99	1.00116
100	0.895315
101	0.723314
102	0.782234
103	0.928319
104	0.88494
105	0.66925
106	0.74525
107	0.742298
108	0.418807
109	0.632279
110	0.306851
111	0.940889
112	0.954218
113	0.503051
114	0.453868
115	0.340477
116	0.654463
117	0.0958552
118	0.397582
119	0.35901
120	0.505351
121	0.55031
122	0.704327
123	0.731338
124	0.498475
125	0.58752
126	0.85823
127	1.08863
128	0.548908
129	0.740768
130	0.644137
131	0.641162
132	0.420043
133	0.69668
134	0.451025
135	0.966874
136	0.945389
137	0.594251
138	0.350324
139	0.456661
140	0.983653
141	0.448622
142	0.711298
143	0.595426
144	0.37526
145	0.48485
146	0.517144
147	0.367714
148	0.371764
149	0.300094
150	0.546158
151	0.30362
152	0.687534
153	0.868538
154	0.865739
155	0.733096
156	0.553273
157	0.408461
158	0.516555
159	0.347818
160	0.451832
161	0.372434
162	0.382509
163	0.39671
164	0.298608
165	0.517249
166	0.396749
167	0.383498
168	0.724499
169	0.319906
170	0.130386
171	0.191451
172	0.37905
173	0.413095
174	0.198392
175	0.250951
176	0.177502
177	0.105071
178	0.101834
179	0.145042
================== Frontier ==================
10408	910
10866	909
11019	908
11247	905
11727	901
11820	899
11935	897
11999	896
12108	893
12298	891
12447	889
12947	888
13288	886
13403	885
13564	883
13698	881
13858	880
14035	879
14056	876
14231	874
14369	872
14372	871
14428	869
14443	865
14482	864
14541	863
14560	862
14822	858
14884	857
14939	856
15039	855
15092	854
15167	851
15284	850
15519	846
15828	845
15989	843
16095	838
16150	837
16180	835
16359	833
16363	832
16752	823
16763	822
16910	821
17035	820
17087	819
17188	817
17199	814
17684	813
17772	810
17837	808
17905	806
17910	805
18086	804
18249	803
18365	801
18645	800
18723	797
18889	795
18895	793
18943	791
19026	787
19147	784
19285	783
19540	780
19958	779
20002	777
20054	776
20112	775
20170	774
20289	769
20310	768
20430	767
20444	766
20472	764
20732	762
20898	761
21001	758
21095	757
21127	756
21221	755
21564	754
21868	750
21936	745
22026	740
22261	738
22418	737
22510	736
22699	730
22763	729
22905	728
23047	727
23056	724
23093	723
23382	722
23486	721
23765	720
23874	718
23964	716
23975	710
24202	709
24400	706
24515	704
24584	701
24708	699
24815	697
25098	696
25143	692
25157	687
25316	685
25507	684
25597	681
25799	679
25836	677
25840	674
25979	673
26064	670
26251	662
26292	658
26517	652
26662	651
26832	649
26832	648
26872	647
26933	640
27179	638
27299	635
27369	633
27498	630
27602	627
27728	620
27837	618
27882	614
27959	611
28108	609
28311	604
28404	602
28518	596
28641	590
28930	586
28976	585
29404	576
29534	566
29592	565
29757	561
30059	557
30089	554
30137	548
30145	531
30208	519
30252	510
30278	470
30347	442
30477	441
30493	436
30539	424
30567	413
30604	411
30639	403
30761	366
30773	364
30841	356
30859	351
30979	349
31049	348
31106	344
31111	336
31220	331
31330	320
31364	317
31438	305
31624	293
31652	281
31678	278
31692	275
31732	272
32065	270
32259	269
32338	260
