Frontier size:	164
Weakly effici:	0
Total time:	28.9387
point	 time
0	0.0630498
1	0.068798
2	0.0467755
3	0.0535769
4	0.100439
5	0.105545
6	0.103945
7	0.0805644
8	0.108611
9	0.0555621
10	0.188863
11	0.117113
12	0.104768
13	0.116444
14	0.0914328
15	0.0779241
16	0.0891597
17	0.20881
18	0.390943
19	0.19285
20	0.157517
21	0.325254
22	0.149194
23	0.240837
24	0.23325
25	0.150872
26	0.0707894
27	0.15118
28	0.178403
29	0.177458
30	0.260187
31	0.195387
32	0.132835
33	0.0882192
34	0.105654
35	0.121082
36	0.132997
37	0.20643
38	0.087547
39	0.0888518
40	0.0737813
41	0.11469
42	0.114434
43	0.176808
44	0.178284
45	0.129964
46	0.112412
47	0.0596564
48	0.0987995
49	0.0755658
50	0.130352
51	0.0851705
52	0.0871592
53	0.123962
54	0.152893
55	0.078831
56	0.250935
57	0.395573
58	0.159782
59	0.146278
60	0.173567
61	0.303534
62	0.150527
63	0.565734
64	0.153046
65	0.173702
66	0.195622
67	0.143627
68	0.0971323
69	0.0967417
70	0.189071
71	0.123161
72	0.13538
73	0.256473
74	0.111111
75	0.1094
76	0.551148
77	0.256258
78	0.177762
79	0.165899
80	0.112974
81	0.129825
82	0.0977674
83	0.197174
84	0.206077
85	0.176513
86	0.220307
87	0.0725667
88	0.132341
89	0.146044
90	0.172242
91	0.0702133
92	0.0794832
93	0.0811736
94	0.0634557
95	0.0540302
96	0.136072
97	0.0633859
98	0.0571202
99	0.0547558
100	0.0570579
101	0.061895
102	0.0460958
103	0.0466776
104	0.0680235
105	0.108579
106	0.175505
107	0.230559
108	0.326533
109	0.210308
110	0.306102
111	0.258998
112	0.724239
113	0.106046
114	0.224331
115	0.259798
116	0.184527
117	0.20811
118	0.19615
119	0.226867
120	0.391461
121	0.238467
122	0.132826
123	0.69405
124	0.320961
125	0.277553
126	0.453585
127	0.205739
128	0.31988
129	0.486636
130	0.238001
131	0.387134
132	0.439688
133	0.10343
134	0.13257
135	0.176573
136	0.280133
137	0.432735
138	0.281271
139	0.260155
140	0.247817
141	0.351727
142	0.349634
143	0.461312
144	0.31132
145	0.142958
146	0.141415
147	0.122036
148	0.214391
149	0.155672
150	0.0923539
151	0.0892067
152	0.0494866
153	0.0433923
154	0.0824905
155	0.0761004
156	0.113468
157	0.162828
158	0.171387
159	0.179142
160	0.0587837
161	0.0639863
162	0.0487794
163	0.0518945
================== Frontier ==================
8227	910
8569	909
8813	908
8825	907
8967	905
9067	904
9244	902
9414	899
9657	898
9712	897
10057	896
10232	894
10353	891
10413	889
10702	887
10746	886
10918	885
11255	884
11449	883
11464	882
11526	881
11820	880
11905	879
12127	878
12298	872
12370	870
12406	869
12474	868
12676	866
12773	865
12921	861
12958	858
12998	857
13154	855
13307	850
13419	847
13524	845
13679	841
13732	840
13787	839
13789	838
13957	836
14251	835
14492	832
14645	831
14656	827
14697	826
14718	825
14865	824
14933	823
15021	815
15059	814
15164	812
15425	811
15455	806
15720	804
16104	802
16280	801
16336	800
16387	799
16442	798
16498	797
16518	791
16760	790
16804	789
16822	786
16901	782
17012	779
17096	778
17209	776
17428	775
17457	773
17531	771
17703	768
17709	767
17855	766
17954	760
18141	759
18208	756
18481	753
18662	752
19029	750
19063	748
19183	747
19299	742
19310	741
19365	736
19401	734
19447	733
19551	732
19669	730
19696	725
20136	724
20149	722
20226	720
20270	719
20826	717
20831	712
20980	711
21067	710
21161	708
21288	706
21295	703
21300	702
21509	701
21578	699
22070	698
22229	692
22359	691
22601	687
22947	686
22954	684
23072	683
23164	682
23272	679
23396	677
23419	676
23615	673
23616	671
23710	669
23778	668
23916	666
23948	665
24239	661
24297	658
24341	657
24421	653
24426	650
24622	641
24715	639
24755	636
24954	628
25089	624
25095	618
25211	617
25332	616
25509	615
25526	613
25630	607
25784	605
25985	600
26175	599
26243	594
26388	591
26414	584
26485	583
26704	580
26849	578
26963	575
27099	574
27148	570
27242	563
27278	555
27317	552
27392	551
27494	540
27563	538
27676	527
27764	451
27837	394
27889	360
27942	349
28084	331
28252	328
