Frontier size:	28
Weakly effici:	0
Total time:	0.60732
point	 time
0	0.0478836
1	0.0188875
2	0.0245435
3	0.0192521
4	0.0288777
5	0.0249845
6	0.0151382
7	0.011687
8	0.0315732
9	0.0136967
10	0.0207028
11	0.0202505
12	0.0123124
13	0.0148796
14	0.0156164
15	0.0174154
16	0.0290121
17	0.0202446
18	0.0303788
19	0.014727
20	0.024235
21	0.0136823
22	0.0194507
23	0.0195213
24	0.0114817
25	0.0233294
26	0.0217795
27	0.022749
================== Frontier ==================
7125	260
7133	248
7149	237
7279	234
7392	231
7543	227
7635	226
7662	225
7740	219
7744	213
7924	195
8079	193
8218	191
8295	187
8549	185
8694	179
8733	176
8827	173
8889	171
8954	170
8969	169
9020	165
9037	158
9058	150
9119	147
9125	141
9144	138
9185	137
