Frontier size:	212
Weakly effici:	0
Total time:	25.8255
point	 time
0	0.0473043
1	0.0601909
2	0.0720917
3	0.0665169
4	0.0982444
5	0.0906899
6	0.142194
7	0.153851
8	0.13992
9	0.10685
10	0.0899596
11	0.114006
12	0.141865
13	0.0531761
14	0.125415
15	0.111133
16	0.0821454
17	0.124397
18	0.13023
19	0.179626
20	0.0961514
21	0.0796058
22	0.0665232
23	0.0541008
24	0.0843761
25	0.0586303
26	0.0509081
27	0.0574755
28	0.0672109
29	0.0672353
30	0.135528
31	0.105201
32	0.0574527
33	0.100367
34	0.0787002
35	0.115429
36	0.0553924
37	0.105513
38	0.121007
39	0.0999381
40	0.0951367
41	0.0782464
42	0.0804018
43	0.0904445
44	0.14998
45	0.119296
46	0.0699538
47	0.111535
48	0.189419
49	0.142964
50	0.116721
51	0.208165
52	0.114498
53	0.135622
54	0.0994283
55	0.107046
56	0.165993
57	0.123343
58	0.11839
59	0.28705
60	0.152998
61	0.0699549
62	0.05715
63	0.136395
64	0.0849315
65	0.0563955
66	0.0974269
67	0.11128
68	0.112162
69	0.170482
70	0.0643163
71	0.0749725
72	0.123789
73	0.0761383
74	0.112038
75	0.0751775
76	0.126219
77	0.0876855
78	0.100743
79	0.129893
80	0.138383
81	0.151501
82	0.0503345
83	0.0839219
84	0.129893
85	0.0862619
86	0.123195
87	0.173022
88	0.192158
89	0.261644
90	0.139625
91	0.119696
92	0.148491
93	0.103993
94	0.201022
95	0.13444
96	0.106222
97	0.10386
98	0.0669922
99	0.126464
100	0.186555
101	0.0748765
102	0.0647668
103	0.0881337
104	0.0885174
105	0.0983004
106	0.0447109
107	0.106687
108	0.127253
109	0.133172
110	0.135571
111	0.137643
112	0.119085
113	0.0723696
114	0.0888944
115	0.126469
116	0.105827
117	0.0645499
118	0.0837435
119	0.0931325
120	0.187527
121	0.108769
122	0.123102
123	0.211456
124	0.141297
125	0.0572266
126	0.117718
127	0.0523541
128	0.0361756
129	0.040113
130	0.0418584
131	0.0383047
132	0.0547042
133	0.0570124
134	0.0553413
135	0.0766117
136	0.0779411
137	0.0645327
138	0.132115
139	0.0715237
140	0.0641408
141	0.0458835
142	0.0531151
143	0.116516
144	0.080185
145	0.0598609
146	0.148239
147	0.128542
148	0.123543
149	0.0805332
150	0.147566
151	0.257354
152	0.113882
153	0.115881
154	0.143396
155	0.190385
156	0.246701
157	0.245414
158	0.214846
159	0.231977
160	0.38752
161	0.599757
162	0.376749
163	0.334751
164	0.229051
165	0.382976
166	0.483822
167	0.286215
168	0.427906
169	0.509756
170	0.416834
171	0.493624
172	0.396595
173	0.159209
174	0.266254
175	0.214267
176	0.186435
177	0.206173
178	0.206652
179	0.152812
180	0.197868
181	0.111298
182	0.0743484
183	0.0609068
184	0.0524623
185	0.0462475
186	0.0618973
187	0.0430805
188	0.0578664
189	0.0581275
190	0.0446066
191	0.0219036
192	0.0498721
193	0.0403634
194	0.026054
195	0.0320225
196	0.0263261
197	0.0192719
198	0.0447105
199	0.0445987
200	0.0303656
201	0.0173412
202	0.0292381
203	0.0303388
204	0.0238646
205	0.0143922
206	0.0231326
207	0.0144788
208	0.0162319
209	0.0236851
210	0.0214745
211	0.0171432
================== Frontier ==================
7125	910
7315	909
7647	908
7759	906
8137	905
8268	904
8520	903
8542	902
8834	899
9009	898
9084	897
9187	895
9230	894
9249	891
9461	890
9531	889
9676	888
10196	885
10343	884
10432	883
10486	882
10827	877
10829	876
10904	875
10964	874
11111	873
11151	872
11179	871
11214	870
11281	869
11420	868
11436	866
11446	864
11550	863
11634	862
11722	860
11793	859
11896	857
11921	855
12106	852
12144	848
12174	847
12422	846
12641	845
12945	843
13084	842
13160	840
13516	838
13539	836
13642	835
13731	834
13777	833
13781	831
13878	824
14129	822
14273	821
14373	820
14487	819
14649	816
14756	815
14767	811
14771	808
14824	807
15006	806
15109	805
15159	799
15286	797
15376	796
15419	795
15665	793
15742	792
15793	791
15843	790
15872	789
15995	787
16179	784
16411	783
16523	781
16695	780
16824	779
16840	776
16877	768
17063	765
17220	764
17544	756
17639	755
17691	754
17782	752
17806	751
17954	747
18041	746
18352	745
18374	739
18678	738
18819	734
18828	732
18867	731
18930	730
19076	729
19280	727
19379	725
19562	722
19780	721
19832	718
20087	713
20224	711
20226	710
20316	708
20474	705
20621	704
20633	703
20808	701
20850	699
20968	695
21127	694
21307	693
21331	692
21450	691
21607	690
21799	687
21887	684
22034	683
22153	681
22237	680
22363	679
22397	675
22481	668
22547	667
22586	666
22829	661
23066	660
23151	658
23201	655
23281	654
23328	651
23518	648
23668	642
23777	641
23825	640
23862	639
23872	635
23928	633
24023	630
24360	625
24420	624
24532	621
24663	613
24744	611
24757	607
24761	604
24891	603
24987	599
25183	597
25333	592
25473	587
25570	579
25755	574
25800	566
26003	560
26139	559
26241	556
26322	554
26350	553
26510	548
26569	544
26662	538
26690	528
26915	476
27075	454
27112	445
27176	417
27213	397
27269	390
27279	389
27415	384
27467	378
27532	370
27557	367
27674	358
27757	352
27879	348
27886	346
27931	344
27990	331
28068	329
28081	322
28117	317
28119	316
28295	306
28372	291
28396	274
28509	259
28618	253
28742	247
28771	224
28850	223
28946	220
28988	217
29060	216
29097	198
29106	196
29271	195
29431	189
29504	179
29579	173
29604	171
29629	170
29838	168
29910	167
29963	166
29991	162
30028	160
