Frontier size:	165
Weakly effici:	1
Total time:	33.3845
point	 time
0	0.153186
1	0.12796
2	0.258885
3	0.0775377
4	0.18444
5	0.426953
6	0.39029
7	0.215296
8	0.251137
9	0.158016
10	0.104239
11	0.171472
12	0.231507
13	0.114369
14	0.138063
15	0.0659387
16	0.130317
17	0.0690817
18	0.090325
19	0.129802
20	0.113249
21	0.0599135
22	0.0820026
23	0.137166
24	0.231934
25	0.307473
26	0.217292
27	0.103231
28	0.0689515
29	0.149889
30	0.104286
31	0.423372
32	0.14141
33	0.109205
34	0.115789
35	0.09176
36	0.169059
37	0.0966196
38	0.124784
39	0.060146
40	0.121247
41	0.166054
42	0.0823134
43	0.108074
44	0.233524
45	0.167827
46	0.451345
47	0.564858
48	0.490146
49	0.284204
50	0.128894
51	0.064192
52	0.250428
53	0.117034
54	0.194884
55	0.060852
56	0.0624397
57	0.0680924
58	0.0934174
59	0.113577
60	0.145188
61	0.290934
62	0.151063
63	0.127614
64	0.156299
65	0.179395
66	0.116979
67	0.177127
68	0.204914
69	0.169642
70	0.297055
71	0.525797
72	0.153354
73	0.295314
74	0.28115
75	0.266038
76	0.115787
77	0.24143
78	0.163849
79	0.166804
80	0.241906
81	0.175814
82	0.12889
83	0.150138
84	0.254003
85	0.156074
86	0.115943
87	0.116234
88	0.065574
89	0.0794397
90	0.0473639
91	0.0520754
92	0.0836237
93	0.0831839
94	0.0945242
95	0.0963762
96	0.115716
97	0.21213
98	0.425047
99	0.242344
100	0.220276
101	0.221004
102	0.266497
103	0.278174
104	0.126942
105	0.16473
106	0.0813036
107	0.224028
108	0.265815
109	0.251098
110	0.137499
111	0.145586
112	0.404154
113	0.113091
114	0.170828
115	0.12913
116	0.240908
117	0.382735
118	0.071311
119	0.245621
120	0.244262
121	0.176184
122	0.305414
123	0.152465
124	0.104872
125	0.105617
126	0.145745
127	0.134273
128	0.108489
129	0.0418291
130	0.0470491
131	0.0831454
132	0.0567747
133	0.0883416
134	0.0986421
135	0.106693
136	0.354357
137	0.230571
138	0.107343
139	0.102165
140	0.319696
141	0.294958
142	0.433539
143	0.227332
144	0.526626
145	0.361337
146	0.249191
147	0.54546
148	0.453562
149	0.347976
150	0.210554
151	0.203259
152	0.36505
153	0.493642
154	0.156782
155	0.125856
156	0.113325
157	0.523167
158	0.271056
159	0.318779
160	0.447288
161	0.593307
162	0.147232
163	0.312477
164	0.380282
165	0.586767
================== Frontier ==================
8885	910
9311	908
9657	907
9746	906
9940	905
10372	903
10442	902
10477	901
10652	899
10797	898
10838	896
11218	895
11305	894
11307	893
11711	889
11883	888
12108	886
12166	885
12186	884
12341	881
12621	879
12647	878
12711	873
12815	872
13296	869
13453	868
13464	866
13468	861
13496	860
13588	858
13694	857
13832	856
13862	855
13916	851
13964	849
14077	847
14172	844
14340	840
14460	838
14559	837
14848	836
14909	834
14932	832
15005	828
15133	827
15333	825
15399	824
15501	821
15601	820
15612	819
15613	814
15672	813
15851	812
15856	811
15986	806
16022	803
16112	802
16262	799
16350	796
16428	795
16670	794
16767	786
16859	784
16862	780
16939	779
17289	778
17324	777
17349	776
17442	771
17593	770
17843	767
18039	765
18109	762
18303	761
18451	760
18505	759
18644	758
18755	756
18768	755
19043	754
19116	753
19162	752
19335	751
19375	750
19662	744
19835	742
19860	736
19938	735
20045	734
20084	732
20134	731
20331	728
20498	725
20671	719
20784	718
21033	715
21184	713
21627	712
21707	711
21785	709
21956	708
22071	703
22115	702
22158	700
22255	699
22348	696
22439	695
22560	694
22683	693
22879	692
23101	688
23112	686
23428	679
23440	678
23556	677
23576	674
23799	672
23889	669
23953	664
24150	662
24173	661
24196	660
24420	659
24463	657
24491	656
24600	654
24659	650
24882	649
24939	640
24966	639
25049	638
25325	637
25354	636
25565	634
25592	632
25655	631
25903	630
26134	627
26139	626
26323	624
26526	620
26574	619
26753	618
26866	616
27132	615
27172	613
27200	610
27200	606
27352	605
27382	598
27438	593
27446	587
27621	586
27633	578
27750	577
27859	571
27936	563
28054	560
28102	550
28165	549
28246	536
28387	534
28400	500
28597	470
28706	446
28840	437
