Frontier size:	154
Weakly effici:	0
Total time:	9.41488
point	 time
0	0.0451063
1	0.044162
2	0.0338092
3	0.0393279
4	0.0603408
5	0.0459749
6	0.0380627
7	0.05546
8	0.041125
9	0.0537193
10	0.0644087
11	0.116689
12	0.115093
13	0.0770647
14	0.0803576
15	0.0852713
16	0.0603603
17	0.120487
18	0.153962
19	0.128616
20	0.0995396
21	0.0785929
22	0.0790985
23	0.0910755
24	0.081321
25	0.0882482
26	0.0932402
27	0.0687972
28	0.0800707
29	0.082552
30	0.121564
31	0.171874
32	0.131227
33	0.0680019
34	0.0341463
35	0.0400176
36	0.0440596
37	0.0472559
38	0.0505422
39	0.0444398
40	0.0477635
41	0.0465808
42	0.0325777
43	0.0342948
44	0.0363667
45	0.0415848
46	0.048441
47	0.0389084
48	0.030247
49	0.0391607
50	0.0341319
51	0.0402649
52	0.0225532
53	0.0243534
54	0.0301917
55	0.030173
56	0.0282156
57	0.028474
58	0.0393391
59	0.040896
60	0.0527188
61	0.0620547
62	0.0472677
63	0.0510264
64	0.0629517
65	0.0772782
66	0.0692491
67	0.0923846
68	0.111803
69	0.0562754
70	0.0367392
71	0.0352054
72	0.0458658
73	0.0532222
74	0.0338262
75	0.0421694
76	0.033234
77	0.0469301
78	0.0152152
79	0.0461446
80	0.0303824
81	0.0277754
82	0.0393121
83	0.0231182
84	0.034505
85	0.0329424
86	0.0351532
87	0.0303447
88	0.0585882
89	0.0343924
90	0.037925
91	0.0319058
92	0.0321733
93	0.0362843
94	0.0324906
95	0.0362742
96	0.0325687
97	0.0316497
98	0.028478
99	0.0242867
100	0.0337607
101	0.0378385
102	0.043564
103	0.0533211
104	0.0830401
105	0.0825159
106	0.0606742
107	0.0711041
108	0.0663056
109	0.0286585
110	0.0377885
111	0.0644595
112	0.0496987
113	0.0609228
114	0.149512
115	0.0537422
116	0.0601206
117	0.0809568
118	0.0733129
119	0.0870078
120	0.0642422
121	0.0338012
122	0.0598285
123	0.0556502
124	0.077694
125	0.0715381
126	0.145575
127	0.0466875
128	0.0862155
129	0.050111
130	0.0519289
131	0.0457744
132	0.109903
133	0.0758801
134	0.103822
135	0.123615
136	0.149006
137	0.0794153
138	0.0454272
139	0.136184
140	0.096826
141	0.0980333
142	0.114768
143	0.12131
144	0.106633
145	0.118821
146	0.0990436
147	0.0756181
148	0.0419438
149	0.0235551
150	0.0228197
151	0.028224
152	0.0168356
153	0.0158625
================== Frontier ==================
8848	850
9048	848
9238	847
9328	846
9561	845
9817	842
9874	841
9968	840
10092	838
10193	836
10497	835
10722	832
10936	831
10961	829
10997	828
11312	827
11636	826
11904	823
12230	822
12275	819
12398	816
12409	814
12444	811
12589	808
12606	806
12781	804
12910	802
13119	801
13227	800
13363	797
13488	796
13671	787
13960	784
14016	783
14072	779
14360	778
14464	774
14612	770
14949	768
15091	767
15149	761
15486	760
15736	759
15898	756
15966	750
16381	749
16910	747
17119	743
17358	741
17375	740
17410	726
17532	725
17626	724
17654	722
17816	721
17917	720
18009	716
18473	707
18655	704
18983	697
19114	696
19259	690
19339	689
19394	684
19586	682
19832	676
20016	673
20161	672
20330	670
20465	668
20483	667
20542	665
20651	662
20799	659
20862	655
20878	653
20977	652
21042	643
21263	641
21674	639
21695	636
21738	635
22120	632
22150	630
22454	627
22607	625
22816	624
23073	619
23174	613
23191	609
23310	606
23550	603
23756	600
23791	599
23954	597
24135	591
24199	587
24260	585
24878	579
25027	578
25060	577
25244	575
25475	565
25550	561
25587	558
25782	552
25917	547
26130	526
26189	498
26279	495
26429	494
26623	488
26696	485
26784	483
26839	464
26846	454
27052	411
27137	399
27337	395
27405	380
27425	356
27483	352
27524	334
27633	333
27732	327
27746	323
27871	319
27879	302
28022	293
28052	289
28141	273
28168	271
28328	270
28384	269
28457	264
28555	261
28682	257
28706	256
28720	252
28747	251
28813	243
29108	238
29157	233
29191	224
29219	218
29349	207
29354	203
29411	202
29440	196
29548	194
29594	192
29638	182
29828	175
30140	172
