Frontier size:	18
Weakly effici:	0
Total time:	2.48727
point	 time
0	0.168646
1	0.106822
2	0.0893484
3	0.0898486
4	0.133945
5	0.103634
6	0.0829798
7	0.139874
8	0.291152
9	0.218647
10	0.207167
11	0.10713
12	0.182446
13	0.165674
14	0.10045
15	0.125509
16	0.064679
17	0.0946617
================== Frontier ==================
10485	236
10548	223
10549	212
10584	211
10688	203
10795	200
10876	196
11133	193
11174	192
11199	188
11346	182
11444	177
11653	175
12007	166
12557	152
12561	150
12729	146
13108	143
