Frontier size:	178
Weakly effici:	0
Total time:	57.0231
point	 time
0	0.132216
1	0.257439
2	0.462499
3	0.249244
4	0.246858
5	0.183798
6	0.28752
7	0.474704
8	0.158149
9	0.29032
10	0.158069
11	0.0555816
12	0.225515
13	0.193796
14	0.462755
15	0.255296
16	0.301266
17	0.199476
18	0.300217
19	1.10537
20	0.940414
21	1.14373
22	1.23923
23	0.271015
24	0.955385
25	0.649788
26	0.487138
27	0.642145
28	0.213298
29	0.708031
30	0.200215
31	0.435789
32	0.264237
33	0.243613
34	0.224289
35	0.114788
36	0.228356
37	0.731514
38	0.273237
39	0.26846
40	0.237454
41	0.208657
42	0.133516
43	0.229434
44	0.134151
45	0.604415
46	0.277734
47	0.380031
48	0.457508
49	0.1448
50	0.117276
51	0.146735
52	0.0975315
53	0.0849694
54	0.0617691
55	0.254022
56	0.237183
57	0.551862
58	0.400505
59	0.250639
60	0.37351
61	0.153993
62	0.400827
63	0.227318
64	0.152972
65	0.164237
66	0.420948
67	0.359869
68	0.423567
69	0.751419
70	0.442692
71	0.753504
72	0.246859
73	0.243368
74	0.301159
75	0.205356
76	0.182899
77	0.10447
78	0.104913
79	0.181759
80	0.060769
81	0.10714
82	0.129531
83	0.133525
84	0.24197
85	0.21013
86	0.616475
87	0.228993
88	0.21345
89	0.086493
90	0.162695
91	0.112858
92	0.374879
93	0.394074
94	0.245848
95	0.415023
96	0.23227
97	0.0909749
98	0.232225
99	0.295081
100	0.290879
101	0.104492
102	0.0523701
103	0.0607762
104	0.108466
105	0.0486312
106	0.0693575
107	0.0840277
108	0.064299
109	0.0597308
110	0.199549
111	0.245673
112	0.248525
113	0.144348
114	0.279104
115	0.138239
116	0.0752553
117	0.0552102
118	0.167641
119	0.206145
120	0.343025
121	0.385387
122	0.199088
123	0.495198
124	0.0955767
125	0.0715393
126	0.0611162
127	0.0878705
128	0.195282
129	0.0779708
130	0.0906967
131	0.226109
132	0.193825
133	0.329367
134	0.249201
135	0.0971147
136	0.0702146
137	0.0868893
138	0.614557
139	0.251348
140	0.325509
141	0.554817
142	0.352341
143	0.348714
144	0.241793
145	0.546926
146	0.687948
147	0.904948
148	0.468699
149	0.965052
150	0.583437
151	0.180648
152	0.469075
153	0.231281
154	0.297716
155	0.431466
156	0.246672
157	0.44375
158	0.735094
159	0.140474
160	0.415442
161	1.03025
162	0.548836
163	0.440193
164	0.389924
165	0.576094
166	0.858358
167	0.359158
168	0.287396
169	0.328211
170	0.553323
171	0.477585
172	0.869402
173	0.145966
174	0.523188
175	0.215186
176	0.335527
177	0.490892
================== Frontier ==================
10485	909
10507	908
10686	907
10836	906
10853	904
11165	903
11182	901
11708	899
11770	898
11851	897
11979	895
12003	893
12171	891
12236	890
12744	888
12907	885
13202	884
13341	882
13403	881
13655	880
13726	879
13959	877
13994	876
14017	875
14209	873
14278	871
14627	870
14791	864
14989	861
15233	859
15281	857
15334	854
15391	852
15518	851
15537	848
15577	844
15775	841
15887	840
15897	839
15917	838
16003	835
16056	834
16105	833
16282	832
16308	830
16447	824
16469	823
16591	822
16692	821
16835	820
16874	817
16916	816
17008	814
17034	813
17035	812
17307	810
17563	808
17723	807
17791	803
18008	802
18144	801
18154	797
18263	796
18278	790
18438	789
18607	788
18781	787
19134	785
19236	784
19403	781
19498	780
19544	779
19550	778
19563	777
19588	772
19617	770
19685	768
19969	767
20157	766
20474	764
20493	763
20620	760
20756	757
20907	755
20992	752
21150	751
21569	750
21579	746
21730	743
21874	741
21953	740
22171	739
22461	735
22728	733
22799	731
22996	730
23038	729
23058	728
23182	727
23213	726
23256	721
23399	719
23415	718
23529	715
23575	711
23591	705
23839	704
23879	703
23922	702
23946	701
24103	699
24306	697
24340	696
24363	695
24443	693
24511	692
24604	691
24630	688
24957	687
25055	681
25409	680
25441	679
25444	678
25549	675
25550	674
25560	671
25568	669
25780	668
25839	667
25881	666
26021	665
26158	664
26264	663
26456	658
26524	655
26538	651
26735	650
26796	648
27017	646
27080	640
27155	639
27269	636
27362	634
27449	629
27535	627
28062	625
28190	621
28197	617
28357	612
28400	606
28509	605
28510	602
28622	596
28706	593
28738	591
28780	586
28864	584
28957	581
29204	578
29210	576
29478	573
29719	546
29721	541
29799	539
29958	533
30085	524
30143	515
30198	447
30222	434
30362	420
30461	418
30535	408
30593	389
30634	368
30730	348
30735	347
30842	346
30913	344
