Frontier size:	167
Weakly effici:	0
Total time:	24.9404
point	 time
0	0.0456528
1	0.120033
2	0.0744397
3	0.075993
4	0.0965858
5	0.116769
6	0.125583
7	0.117178
8	0.0700226
9	0.379499
10	0.423698
11	0.1309
12	0.198404
13	0.236679
14	0.15061
15	0.129707
16	0.156058
17	0.0977287
18	0.138176
19	0.116413
20	0.282818
21	0.454722
22	0.1842
23	0.103383
24	0.291298
25	0.134022
26	0.136909
27	0.217297
28	0.303875
29	0.362477
30	0.201136
31	0.302442
32	0.218963
33	0.174483
34	0.116964
35	0.13125
36	0.190754
37	0.22602
38	0.153183
39	0.113428
40	0.10161
41	0.0810446
42	0.189931
43	0.15482
44	0.0949576
45	0.232063
46	0.402218
47	0.189683
48	0.0595916
49	0.0995006
50	0.271244
51	0.17533
52	0.195696
53	0.128241
54	0.0954481
55	0.156709
56	0.123706
57	0.221887
58	0.103515
59	0.12919
60	0.086235
61	0.0811374
62	0.065169
63	0.0627297
64	0.0901702
65	0.115481
66	0.08732
67	0.0596476
68	0.0990115
69	0.118761
70	0.261458
71	0.18915
72	0.0971291
73	0.203732
74	0.148495
75	0.140045
76	0.107666
77	0.10471
78	0.192017
79	0.13167
80	0.0491323
81	0.0725706
82	0.0490392
83	0.054177
84	0.0720944
85	0.0410894
86	0.0369861
87	0.0864052
88	0.0692144
89	0.0559142
90	0.0527042
91	0.0829684
92	0.0436432
93	0.0499483
94	0.151202
95	0.0866909
96	0.0958566
97	0.20956
98	0.132286
99	0.146095
100	0.125455
101	0.189919
102	0.0859146
103	0.114767
104	0.191277
105	0.135271
106	0.0659081
107	0.0912494
108	0.0487285
109	0.0705634
110	0.0920739
111	0.0877844
112	0.121845
113	0.214212
114	0.166324
115	0.24125
116	0.197254
117	0.165292
118	0.172124
119	0.11087
120	0.180381
121	0.0780162
122	0.177711
123	0.163453
124	0.112513
125	0.0923388
126	0.155422
127	0.137894
128	0.161584
129	0.198851
130	0.211974
131	0.211215
132	0.14884
133	0.286748
134	0.218986
135	0.125263
136	0.254237
137	0.444344
138	0.471678
139	0.267075
140	0.451535
141	0.308042
142	0.363151
143	0.499529
144	0.0344801
145	0.0570455
146	0.0429268
147	0.0739779
148	0.116491
149	0.103336
150	0.0643216
151	0.069007
152	0.0906643
153	0.108154
154	0.0820727
155	0.155523
156	0.104765
157	0.184578
158	0.0424815
159	0.0413769
160	0.041367
161	0.0870204
162	0.0645843
163	0.0794387
164	0.143735
165	0.0603699
166	0.0332984
================== Frontier ==================
8068	910
8317	909
8407	908
8606	907
8995	906
9063	905
9300	901
9431	900
9566	898
9797	897
9916	896
10181	895
10350	893
10426	891
10477	890
10803	889
10858	888
11080	887
11437	886
11465	885
11696	884
11885	878
12105	877
12190	876
12330	871
12374	868
12434	867
12515	866
12655	865
12875	862
12900	861
12986	859
13019	856
13070	855
13079	853
13259	851
13598	850
13659	849
13748	847
13752	845
13824	840
13896	839
14057	838
14073	837
14119	832
14331	831
14464	825
14562	823
14579	819
14746	818
15025	816
15298	814
15335	811
15386	810
15430	809
15660	806
15696	799
15806	797
16003	796
16140	794
16396	791
16402	790
16502	789
16534	788
16689	786
16781	785
16832	783
16905	779
17062	777
17172	772
17613	767
17737	764
17758	763
17962	762
18023	757
18098	756
18305	753
18374	750
18562	749
18578	745
18788	743
18928	741
18992	740
19162	736
19295	735
19358	733
19429	731
19573	729
19657	724
19729	723
19795	721
19883	719
20206	718
20267	717
20532	716
20606	715
20778	714
21115	710
21162	709
21279	708
21439	707
21515	706
21539	705
21559	704
21671	703
21767	697
21839	692
21923	690
22055	689
22159	685
22215	683
22294	682
22560	681
22813	680
22898	679
23140	678
23150	676
23189	674
23283	673
23324	664
23525	660
23678	652
23838	647
23873	643
23986	641
24140	638
24388	636
24510	633
24700	623
24762	618
24998	616
25024	612
25040	611
25428	610
25495	609
25515	607
25540	606
25695	603
25768	600
26119	596
26266	592
26275	591
26297	589
26310	582
26402	574
26552	573
26632	568
27011	567
27088	562
27158	556
27183	555
27229	553
27354	537
27407	535
27575	522
27682	416
27821	411
27971	397
28059	390
28094	374
28188	370
28314	366
28331	363
28348	359
28487	332
28493	330
28497	324
