Frontier size:	170
Weakly effici:	0
Total time:	18.607
point	 time
0	0.0496065
1	0.0538463
2	0.0496903
3	0.0517833
4	0.0961473
5	0.126994
6	0.107554
7	0.0784394
8	0.109335
9	0.067454
10	0.0756081
11	0.0896657
12	0.0621855
13	0.0668925
14	0.0592895
15	0.0560111
16	0.0437279
17	0.104093
18	0.0577428
19	0.0612204
20	0.0586861
21	0.0785826
22	0.0665078
23	0.0660363
24	0.167259
25	0.105289
26	0.141651
27	0.0961251
28	0.0956455
29	0.108575
30	0.0596196
31	0.0845284
32	0.0982573
33	0.072765
34	0.106869
35	0.0997334
36	0.168693
37	0.0830506
38	0.0646771
39	0.0631493
40	0.0301995
41	0.0507493
42	0.0683188
43	0.0803982
44	0.0812998
45	0.174633
46	0.186525
47	0.179648
48	0.158637
49	0.239881
50	0.205416
51	0.320256
52	0.139898
53	0.124188
54	0.0634255
55	0.0677215
56	0.0740595
57	0.0701036
58	0.0855781
59	0.0770784
60	0.141314
61	0.0511217
62	0.0577191
63	0.0792306
64	0.198224
65	0.114808
66	0.078731
67	0.120338
68	0.120762
69	0.150476
70	0.0912047
71	0.0759413
72	0.125093
73	0.117734
74	0.095771
75	0.111097
76	0.120586
77	0.111508
78	0.0488073
79	0.075282
80	0.0978115
81	0.075287
82	0.0718297
83	0.103531
84	0.080406
85	0.040167
86	0.0576742
87	0.0965643
88	0.0537526
89	0.042593
90	0.0524477
91	0.102576
92	0.048722
93	0.0616836
94	0.221711
95	0.06476
96	0.0716683
97	0.0423788
98	0.0836912
99	0.0722447
100	0.0548906
101	0.345492
102	0.199833
103	0.0784941
104	0.056414
105	0.0717846
106	0.12071
107	0.0474175
108	0.0666532
109	0.0827864
110	0.0830999
111	0.114133
112	0.113377
113	0.0421921
114	0.192648
115	0.271771
116	0.19854
117	0.185043
118	0.132278
119	0.123822
120	0.102353
121	0.111688
122	0.105259
123	0.12315
124	0.0824285
125	0.0691486
126	0.0929646
127	0.102394
128	0.154357
129	0.126157
130	0.0604374
131	0.0829331
132	0.0620554
133	0.041102
134	0.0703209
135	0.0497441
136	0.0477469
137	0.0513759
138	0.0345471
139	0.0712638
140	0.133438
141	0.0465356
142	0.104946
143	0.070085
144	0.0773003
145	0.123556
146	0.37426
147	0.269701
148	0.228029
149	0.12927
150	0.225769
151	0.231234
152	0.137737
153	0.143089
154	0.148451
155	0.0848556
156	0.137597
157	0.112394
158	0.136533
159	0.144779
160	0.0720608
161	0.148375
162	0.274786
163	0.212108
164	0.111412
165	0.25924
166	0.151376
167	0.113356
168	0.251423
169	0.205303
================== Frontier ==================
7092	910
7464	908
7791	907
7941	906
8116	905
8638	903
8680	901
8836	900
8895	899
9105	898
9148	896
9443	895
9479	894
9535	893
9952	892
9958	889
10102	888
10324	886
10405	884
10520	881
10854	879
10911	878
10999	873
11075	872
11489	870
11490	869
11592	868
11649	866
11732	862
11772	861
11775	860
11799	858
11965	856
12043	855
12116	854
12192	849
12299	847
12321	844
12536	840
12615	838
12720	837
13025	836
13112	834
13208	832
13312	828
13431	827
13628	825
13641	824
13757	823
13795	821
13928	820
13931	819
13969	814
14039	813
14098	812
14132	811
14218	806
14315	803
14447	802
14597	799
14684	797
14713	796
14732	795
14974	794
15101	786
15164	785
15167	784
15218	780
15220	779
15546	778
15573	777
15591	776
15688	771
15878	770
16058	767
16153	765
16283	762
16462	761
16538	760
16649	759
16890	758
16909	756
17000	755
17140	754
17179	753
17203	752
17435	751
17460	750
17739	746
17788	745
17849	744
17949	742
17966	736
18092	735
18312	732
18441	731
18568	728
18639	725
18812	719
18892	718
19174	715
19396	713
19704	712
19736	711
19850	709
20036	708
20151	703
20240	702
20330	700
20447	699
20474	696
20668	695
20709	694
20816	693
21208	692
21453	687
21463	686
21714	679
21719	678
21765	677
21785	674
22008	669
22187	662
22257	661
22295	660
22582	659
22705	657
22804	656
22908	654
22967	650
23199	649
23243	643
23296	640
23323	639
23419	638
23583	637
23672	636
23824	632
23887	631
24206	630
24436	626
24667	624
24802	620
24846	619
25024	618
25133	616
25411	615
25477	613
25511	606
25595	605
25651	598
25715	593
25799	587
25906	586
25953	578
26064	577
26173	571
26279	563
26348	560
26408	550
26462	549
26564	548
26609	536
26627	534
26637	500
26871	494
26885	470
26973	454
26996	446
27050	437
