Frontier size:	30
Weakly effici:	0
Total time:	2.68323
point	 time
0	0.0780718
1	0.0696979
2	0.0485828
3	0.0520399
4	0.0747908
5	0.0841383
6	0.141863
7	0.0618458
8	0.060987
9	0.102984
10	0.090717
11	0.195243
12	0.143248
13	0.162403
14	0.112007
15	0.119503
16	0.0431339
17	0.0701524
18	0.0558307
19	0.156813
20	0.231136
21	0.0518082
22	0.0676848
23	0.0709049
24	0.0572254
25	0.048744
26	0.04731
27	0.0760754
28	0.0498775
29	0.0419247
================== Frontier ==================
8746	516
8754	422
8850	410
9016	388
9255	352
9370	350
9520	349
9618	341
9808	337
9915	332
9976	327
10077	309
10144	300
10154	293
10240	281
10418	264
10455	262
10514	260
10522	258
10736	250
10820	249
10891	247
10898	241
10928	240
11157	224
11250	213
11512	209
11713	199
11880	195
12074	193
