Frontier size:	174
Weakly effici:	0
Total time:	50.5437
point	 time
0	0.0963764
1	0.100075
2	0.0640911
3	0.0540191
4	0.32299
5	0.230778
6	0.18563
7	0.132147
8	0.235985
9	0.108096
10	0.149168
11	0.213843
12	0.0632582
13	0.210611
14	0.100806
15	0.0879171
16	0.0618983
17	0.0720715
18	0.185877
19	0.416169
20	0.518401
21	0.440311
22	0.233722
23	0.413062
24	0.444304
25	0.294308
26	0.170949
27	0.382335
28	0.315667
29	0.380153
30	0.482064
31	0.35951
32	0.350101
33	0.283912
34	0.231409
35	0.386335
36	0.195278
37	0.179024
38	0.11639
39	0.168275
40	0.131394
41	0.147614
42	0.105995
43	0.0888368
44	0.285154
45	0.140105
46	0.112894
47	0.0812977
48	0.133376
49	0.103349
50	0.0897708
51	0.0830266
52	0.354024
53	0.116101
54	0.145613
55	0.332986
56	0.326701
57	0.18596
58	0.216488
59	0.256592
60	0.19871
61	0.196966
62	0.288947
63	0.217561
64	0.217308
65	0.368397
66	0.581243
67	0.515271
68	0.399851
69	0.501917
70	0.506114
71	0.610439
72	0.58506
73	0.619183
74	0.278193
75	0.355312
76	0.19696
77	0.299484
78	0.473874
79	0.531953
80	0.225917
81	0.407964
82	0.304823
83	0.207737
84	0.185925
85	0.159912
86	0.249063
87	0.159697
88	0.180395
89	0.245258
90	0.25439
91	0.200422
92	0.286032
93	0.141347
94	0.21511
95	0.159124
96	0.261204
97	0.22039
98	0.202791
99	0.190158
100	0.386761
101	0.395352
102	0.165976
103	0.247225
104	0.436864
105	0.563219
106	0.417022
107	0.299135
108	0.151492
109	0.23911
110	0.387814
111	0.271715
112	0.527687
113	0.872193
114	0.201051
115	0.241258
116	0.0729295
117	0.229655
118	0.268854
119	0.432229
120	0.417944
121	0.611992
122	0.376355
123	0.263729
124	0.2358
125	0.157032
126	0.177583
127	0.411554
128	0.354786
129	0.228551
130	0.544753
131	0.505396
132	0.289441
133	0.219294
134	0.125247
135	0.628412
136	0.515322
137	0.493575
138	0.546619
139	0.538688
140	0.626087
141	0.845391
142	0.604763
143	0.63676
144	0.201296
145	0.241691
146	0.500845
147	0.284561
148	0.207186
149	0.241491
150	0.210746
151	0.238036
152	0.247915
153	0.352004
154	0.370525
155	0.51489
156	0.489928
157	0.490322
158	0.449202
159	0.381583
160	0.434776
161	0.426189
162	0.190714
163	0.356031
164	0.228773
165	0.116839
166	0.0871327
167	0.0443091
168	0.0498582
169	0.0587355
170	0.159306
171	0.0757398
172	0.106784
173	0.286405
================== Frontier ==================
8746	910
8934	909
9077	908
9515	907
9661	906
9706	904
9955	903
10101	902
10260	901
10432	900
10666	899
10776	896
10881	893
11035	892
11133	891
11251	890
11283	887
11371	884
11878	880
11994	879
12101	877
12164	875
12223	873
12269	871
12385	870
12543	869
12589	867
12737	866
12758	865
12785	864
12927	863
12974	860
13057	857
13197	855
13371	852
13523	851
13554	843
13649	842
13856	841
14103	839
14128	837
14130	836
14275	835
14317	834
14475	832
14504	830
14568	829
14644	828
14718	827
14894	825
15130	824
15226	823
15419	822
15489	821
15568	819
15671	818
15835	815
16128	814
16270	808
16470	804
16746	803
16944	802
17087	801
17094	800
17135	799
17277	798
17503	791
17676	790
17836	789
17887	787
17934	783
18091	777
18153	776
18325	775
18372	773
18571	768
18653	767
18685	759
18913	758
18956	757
18957	753
18958	751
19036	750
19071	745
19140	744
19309	740
19406	738
19604	736
19788	734
19861	733
19972	731
20162	730
20348	727
20452	723
20558	719
20652	715
20865	714
21037	712
21183	711
21286	710
21735	706
21796	702
21819	701
21941	699
22129	698
22259	694
22406	690
22443	688
22471	687
22594	686
22692	685
22736	684
22920	682
23120	679
23181	675
23351	673
23384	670
23520	668
23588	667
23641	665
23831	664
23846	662
23898	661
23962	660
24041	659
24057	654
24197	652
24486	650
24639	649
24674	647
24733	646
24847	642
24896	634
24898	630
25069	628
25258	625
25340	622
25806	621
25993	617
26023	616
26066	614
26076	613
26509	611
26552	610
26587	609
26633	605
26785	595
26955	594
27035	591
27127	589
27226	581
27331	573
27393	571
27405	567
27622	565
27760	564
28078	560
28087	556
28142	542
28183	529
28229	506
28399	489
28455	477
28457	457
28463	412
28466	386
28497	353
28557	333
28671	331
28762	328
28987	324
29026	321
29058	319
29192	317
