Frontier size:	21
Weakly effici:	0
Total time:	2.17616
point	 time
0	0.162848
1	0.134564
2	0.129289
3	0.13809
4	0.134283
5	0.0663086
6	0.0402001
7	0.0698981
8	0.0761481
9	0.0633846
10	0.0711864
11	0.0418006
12	0.175597
13	0.158927
14	0.128636
15	0.184046
16	0.0900014
17	0.11294
18	0.0852988
19	0.059652
20	0.040758
================== Frontier ==================
10273	518
10299	412
10305	406
10322	403
10334	399
10345	386
10362	363
10490	295
10701	290
10703	284
10729	283
10988	282
11165	278
11199	269
11244	264
11442	263
11477	262
11604	259
11607	247
11637	244
11685	235
