Frontier size:	170
Weakly effici:	0
Total time:	94.8082
point	 time
0	0.154085
1	0.220269
2	0.463775
3	0.234197
4	0.542048
5	1.00968
6	0.21882
7	0.858253
8	0.218428
9	0.34886
10	0.500706
11	0.346196
12	1.2011
13	0.575375
14	0.630355
15	0.212488
16	0.180709
17	0.216871
18	0.415983
19	0.284981
20	0.331083
21	0.201494
22	0.496014
23	0.340348
24	0.611772
25	1.66611
26	1.01118
27	1.25363
28	1.23003
29	1.09732
30	1.23773
31	0.489831
32	0.951531
33	1.3233
34	0.48408
35	0.65973
36	0.66117
37	0.286754
38	0.92749
39	1.25867
40	0.839976
41	0.861664
42	1.26719
43	0.670793
44	1.23209
45	0.612669
46	0.306851
47	0.395436
48	0.487114
49	0.632451
50	0.479243
51	0.371165
52	0.268389
53	0.275185
54	0.359713
55	0.0708138
56	0.0989741
57	0.101429
58	0.170773
59	0.151395
60	0.271353
61	0.365093
62	0.441128
63	0.79919
64	0.625304
65	0.464478
66	0.705046
67	0.803776
68	0.528282
69	0.820336
70	0.845094
71	0.518422
72	0.343905
73	0.220694
74	0.253205
75	0.321289
76	0.219435
77	0.356273
78	0.788654
79	0.716087
80	0.459428
81	0.782153
82	0.522252
83	0.422538
84	0.758998
85	1.62051
86	0.859058
87	0.595452
88	1.56348
89	1.39557
90	0.82786
91	1.25939
92	0.545738
93	0.606476
94	0.607492
95	0.885093
96	0.261067
97	0.297387
98	0.50441
99	0.592945
100	0.594879
101	0.87688
102	0.866514
103	0.706967
104	0.895597
105	0.586553
106	0.611042
107	0.834387
108	0.897662
109	0.497792
110	0.763385
111	0.841753
112	0.774934
113	0.902155
114	0.377654
115	0.605847
116	0.350934
117	0.56107
118	0.595932
119	0.694957
120	0.72067
121	0.54884
122	0.612246
123	0.516878
124	0.461287
125	0.564161
126	0.644142
127	0.381709
128	0.983785
129	0.557214
130	0.502712
131	0.870034
132	0.683258
133	0.612134
134	0.700046
135	0.530392
136	0.283551
137	0.547148
138	0.323272
139	0.475104
140	0.534975
141	0.512027
142	0.400904
143	0.661356
144	0.647675
145	0.221519
146	0.403399
147	0.359389
148	0.331043
149	0.562345
150	0.638412
151	0.217242
152	0.282075
153	0.229295
154	0.14027
155	0.247277
156	0.129222
157	0.0853127
158	0.195137
159	0.13722
160	0.0887455
161	0.24284
162	0.348171
163	0.150446
164	0.24461
165	0.230183
166	0.217287
167	0.0571855
168	0.0569929
169	0.0307505
================== Frontier ==================
10273	908
10690	907
10927	906
10933	905
11109	904
11268	903
11313	902
11465	898
11480	897
11641	896
11823	894
11868	893
12167	891
12264	885
12409	883
12468	882
12504	881
12651	879
13176	877
13376	875
13409	872
13410	870
13919	866
13926	864
14038	862
14356	860
14363	859
14488	857
14597	854
14762	851
14897	849
14985	848
15121	847
15178	846
15285	845
15305	843
15359	840
15409	839
15556	838
15794	835
15839	832
15866	831
16142	828
16161	824
16215	822
16265	820
16314	818
16438	816
16471	814
16594	813
16783	809
16785	807
16871	806
17043	804
17120	803
17184	802
17187	801
17555	800
17594	799
17793	797
17889	796
17925	793
18253	791
18402	790
18618	788
18771	785
18945	784
18993	781
19062	780
19355	779
19462	775
19574	773
19588	771
19603	770
19727	768
19781	766
19786	763
19978	761
20110	759
20312	755
20410	752
20700	750
20778	748
20975	747
21352	746
21482	744
21587	743
21613	741
21674	737
21950	736
22062	733
22226	729
22252	728
22322	727
22393	726
22402	718
22458	712
22676	708
22754	705
22974	702
22980	701
23325	697
23378	695
23499	693
23732	690
23764	689
23932	685
23947	684
24093	682
24169	678
24355	677
24427	674
24594	670
24922	664
24963	660
25074	658
25205	656
25335	655
25703	651
25735	650
25932	648
25951	647
25958	644
26020	641
26029	639
26073	637
26237	634
26473	631
26982	629
27027	623
27272	617
27414	614
27517	613
27535	612
27676	608
27854	607
27931	604
28171	595
28236	593
28428	588
28532	584
28543	582
28615	578
28833	575
29021	574
29071	572
29144	567
29157	565
29161	564
29353	533
29467	529
29556	525
29717	455
29727	449
29832	413
29844	401
29860	366
29895	359
30112	354
30155	353
30296	350
30340	345
30430	331
30478	329
30600	327
30666	326
30709	318
30887	312
30964	306
31053	303
