Frontier size:	54
Weakly effici:	0
Total time:	11.7737
point	 time
0	0.566525
1	0.51663
2	0.425596
3	0.343739
4	0.199515
5	0.307162
6	0.257175
7	0.154263
8	0.154159
9	0.236795
10	0.182547
11	0.205104
12	0.207093
13	0.381093
14	0.191462
15	0.11131
16	0.149364
17	0.255485
18	0.220138
19	0.159871
20	0.273467
21	0.231747
22	0.265487
23	0.253075
24	0.442818
25	0.268446
26	0.297617
27	0.311328
28	0.317395
29	0.20673
30	0.149387
31	0.117065
32	0.155497
33	0.172519
34	0.113045
35	0.12705
36	0.162404
37	0.15745
38	0.142646
39	0.133365
40	0.146664
41	0.09164
42	0.188011
43	0.187436
44	0.19225
45	0.1517
46	0.173717
47	0.151714
48	0.156248
49	0.162459
50	0.14748
51	0.124511
52	0.156218
53	0.164002
================== Frontier ==================
11630	2821
12202	2820
12757	2819
13116	2818
13245	2817
13910	2816
14403	2815
14543	2814
14650	2813
15104	2812
15379	2811
15807	2810
16029	2809
16518	2808
17149	2807
17395	2806
17817	2805
18568	2804
18852	2803
19425	2802
19540	2801
19654	2800
19977	2799
20580	2798
21022	2797
21255	2796
21859	2795
22127	2794
22515	2793
22650	2792
22958	2791
23386	2790
23465	2789
23666	2788
24149	2787
24457	2786
25226	2785
25532	2784
25690	2783
25992	2782
26048	2781
26049	2780
26786	2779
27068	2778
27525	2777
27805	2776
28312	2775
29115	2774
29869	2773
30092	2772
30582	2771
30834	2770
31046	2769
31711	2768
