Frontier size:	58
Weakly effici:	1
Total time:	9.41685
point	 time
0	0.411615
1	0.431353
2	0.208138
3	0.168775
4	0.216311
5	0.129578
6	0.143221
7	0.129275
8	0.104275
9	0.15345
10	0.13162
11	0.114219
12	0.137437
13	0.12518
14	0.146201
15	0.119284
16	0.156838
17	0.155874
18	0.115702
19	0.107046
20	0.132062
21	0.114677
22	0.160692
23	0.210503
24	0.143492
25	0.164731
26	0.175806
27	0.130756
28	0.121805
29	0.139744
30	0.145581
31	0.142214
32	0.188984
33	0.177303
34	0.233728
35	0.162286
36	0.243464
37	0.153987
38	0.14755
39	0.148555
40	0.104147
41	0.137827
42	0.134199
43	0.128802
44	0.157262
45	0.169448
46	0.139797
47	0.118775
48	0.124059
49	0.109597
50	0.110459
51	0.147962
52	0.158692
53	0.16557
54	0.11831
55	0.145094
56	0.156671
57	0.154055
58	0.165914
================== Frontier ==================
10771	605
10773	583
10914	579
10979	577
11183	573
11203	570
11360	566
11387	555
11400	537
11403	533
11425	530
11427	520
11454	511
11470	510
11503	498
11505	494
11509	492
11604	485
11667	474
11669	463
11790	455
11798	454
11825	452
11866	449
11867	412
11872	402
11875	399
11902	396
11912	393
11931	383
11973	382
11989	378
12263	369
12344	363
12410	362
12424	358
12627	357
12643	349
12722	347
12725	345
12727	344
12757	340
12917	336
12934	335
13141	322
13143	312
13206	302
13227	293
13231	284
13234	283
13255	281
13262	274
13312	273
13326	265
13326	264
13412	259
13463	253
13474	251
13636	249
