Frontier size:	39
Weakly effici:	0
Total time:	8.66868
point	 time
0	0.368654
1	0.320197
2	0.130867
3	0.14376
4	0.168862
5	0.13674
6	0.197717
7	0.13351
8	0.184816
9	0.325396
10	0.189749
11	0.138501
12	0.165738
13	0.246055
14	0.25891
15	0.356908
16	0.252693
17	0.288396
18	0.253278
19	0.249776
20	0.351739
21	0.398366
22	0.26092
23	0.272471
24	0.222262
25	0.224832
26	0.254914
27	0.214906
28	0.164218
29	0.204138
30	0.150184
31	0.257808
32	0.143985
33	0.149107
34	0.119541
35	0.148225
36	0.223928
37	0.151161
38	0.202332
================== Frontier ==================
10771	2821
10924	2820
11403	2819
11671	2818
12013	2817
12285	2816
12585	2815
12726	2814
13023	2813
13312	2812
13816	2811
13867	2810
14389	2809
14711	2808
15132	2807
15418	2806
15574	2805
16410	2804
16604	2803
17114	2802
17608	2801
18268	2800
18520	2799
18858	2798
19219	2797
19270	2796
19408	2795
19734	2794
20319	2793
20772	2792
20979	2791
21720	2790
21933	2789
22423	2788
23122	2787
23583	2786
23877	2785
24132	2784
24523	2783
