Frontier size:	75
Weakly effici:	1
Total time:	10.3916
point	 time
0	0.787044
1	0.570284
2	0.496069
3	0.191442
4	0.118172
5	0.170829
6	0.11178
7	0.159461
8	0.13274
9	0.137249
10	0.110083
11	0.157219
12	0.169288
13	0.108551
14	0.105472
15	0.118318
16	0.0889034
17	0.0889079
18	0.0950206
19	0.119971
20	0.102013
21	0.151001
22	0.0994684
23	0.0910857
24	0.0988567
25	0.145176
26	0.0970757
27	0.0696844
28	0.1046
29	0.121571
30	0.0970469
31	0.0927007
32	0.105428
33	0.11463
34	0.138688
35	0.11276
36	0.130644
37	0.0967456
38	0.119324
39	0.181723
40	0.168429
41	0.141285
42	0.1966
43	0.135089
44	0.168591
45	0.114743
46	0.130956
47	0.14501
48	0.0922859
49	0.0892867
50	0.0971973
51	0.0839744
52	0.0817377
53	0.125098
54	0.0864605
55	0.138633
56	0.0865909
57	0.0952347
58	0.0875562
59	0.0755144
60	0.0710704
61	0.112697
62	0.074206
63	0.101484
64	0.120115
65	0.206613
66	0.110991
67	0.106355
68	0.107239
69	0.110845
70	0.108062
71	0.0669852
72	0.0861985
73	0.0691071
74	0.0715194
75	0.060977
================== Frontier ==================
12322	657
12327	654
12331	642
12380	605
12389	600
12468	592
12533	584
12561	579
12608	578
12711	562
12775	552
12802	547
12820	543
12887	535
12897	533
12997	523
13006	508
13011	505
13132	499
13396	498
13402	492
13623	490
13716	486
13736	478
13756	477
13759	464
13780	463
13783	457
13972	454
14000	451
14014	446
14057	445
14080	441
14382	440
14389	439
14402	433
14997	430
15138	424
15152	412
15185	396
15249	387
15529	373
15623	372
15630	361
15932	359
16240	339
16332	322
16600	311
17129	305
17193	303
17205	298
17235	296
17406	289
17412	276
17710	271
18036	269
18056	268
18071	267
18073	259
18076	257
18076	250
18092	248
18167	244
18380	241
18547	240
18851	231
18861	228
18969	226
18983	222
19016	220
19133	217
19502	213
19581	209
19592	200
19596	197
19799	196
