Frontier size:	45
Weakly effici:	0
Total time:	13.6578
point	 time
0	0.796162
1	0.358897
2	0.261466
3	0.176319
4	0.271836
5	0.210029
6	0.191211
7	0.341496
8	0.205693
9	0.150909
10	0.190479
11	0.212478
12	0.240649
13	0.26284
14	0.180453
15	0.265686
16	0.555244
17	0.551486
18	0.305173
19	0.316185
20	0.330087
21	0.259148
22	0.183817
23	0.198908
24	0.303355
25	0.190196
26	0.266623
27	0.330954
28	0.173582
29	0.190525
30	0.195409
31	0.242646
32	0.189664
33	0.207225
34	0.267687
35	0.254942
36	0.472292
37	0.399957
38	0.504108
39	0.481917
40	0.413913
41	0.307026
42	0.43086
43	0.51533
44	0.255998
================== Frontier ==================
12322	2821
12931	2820
13490	2819
13697	2818
13825	2817
14089	2816
14481	2815
14780	2814
15035	2813
15441	2812
15611	2811
15978	2810
16470	2809
16834	2808
17185	2807
17659	2806
17862	2805
18243	2804
18444	2803
18837	2802
19177	2801
19543	2800
20046	2799
20578	2798
20989	2797
21512	2796
21829	2795
22329	2794
22603	2793
22905	2792
23182	2791
23469	2790
23778	2789
24651	2788
24884	2787
25216	2786
25426	2785
25675	2784
25831	2783
26205	2782
26900	2781
27238	2780
28008	2779
28534	2778
29212	2777
