Frontier size:	36
Weakly effici:	0
Total time:	10.2201
point	 time
0	1.23508
1	0.980289
2	0.238894
3	0.18702
4	0.184615
5	0.258582
6	0.181024
7	0.177956
8	0.280149
9	0.28615
10	0.307136
11	0.298834
12	0.190034
13	0.154043
14	0.167949
15	0.18663
16	0.184386
17	0.213799
18	0.203148
19	0.249749
20	0.440342
21	0.558357
22	0.345146
23	0.272192
24	0.158811
25	0.28779
26	0.311663
27	0.280707
28	0.181059
29	0.179377
30	0.166409
31	0.196067
32	0.146036
33	0.162139
34	0.163304
35	0.170307
================== Frontier ==================
13722	2821
14069	2820
15101	2819
15357	2818
15690	2817
16119	2816
16265	2815
16427	2814
16729	2813
17328	2812
17935	2811
18536	2810
18863	2809
19192	2808
19593	2807
19969	2806
20183	2805
20625	2804
21253	2803
21474	2802
21785	2801
22156	2800
22346	2799
22736	2798
23122	2797
23440	2796
23982	2795
24536	2794
24658	2793
24988	2792
25274	2791
25379	2790
26338	2789
26745	2788
26927	2787
27107	2786
