Frontier size:	60
Weakly effici:	1
Total time:	60.9795
point	 time
0	0.889381
1	0.761903
2	1.00156
3	0.609274
4	1.15984
5	1.1529
6	0.863242
7	0.719594
8	0.889706
9	0.929094
10	0.833279
11	0.833957
12	0.654866
13	0.654958
14	0.653774
15	0.622744
16	1.35382
17	1.29484
18	1.70179
19	1.44234
20	1.80795
21	1.27473
22	1.17386
23	1.40313
24	1.27744
25	0.754723
26	1.03862
27	1.49046
28	1.8896
29	1.84981
30	2.86131
31	1.05463
32	1.25521
33	0.559789
34	1.29556
35	1.2766
36	1.01993
37	0.87718
38	1.44913
39	1.16052
40	0.935679
41	1.48264
42	1.30857
43	1.1088
44	0.820252
45	1.16673
46	0.746164
47	1.21653
48	0.410152
49	0.641662
50	0.488243
51	0.666044
52	0.530635
53	0.540506
54	0.417751
55	0.444866
56	0.459439
57	0.458635
58	0.523686
59	0.334606
60	0.330537
================== Frontier ==================
12371	568
12379	493
12407	486
12410	470
12504	465
12573	461
12577	457
12589	456
12638	455
12649	449
12689	447
12714	419
12737	418
12965	415
13152	410
13206	406
13511	404
13541	403
13579	398
13590	395
13613	392
13620	389
13623	380
13625	369
13782	368
13782	366
13905	364
13990	360
14003	357
14015	352
14259	351
14279	345
14326	344
14328	342
14414	341
14550	339
14572	327
14586	322
14925	321
14927	314
14931	301
14954	300
14967	295
14982	292
14987	290
15181	282
15184	280
15244	278
15307	277
15422	269
15423	246
15516	229
15535	227
15554	221
15558	220
16046	216
16155	211
16168	206
16188	200
16227	197
16239	195
