Frontier size:	54
Weakly effici:	0
Total time:	36.3836
point	 time
0	0.998735
1	0.823567
2	1.0314
3	0.85719
4	0.914505
5	1.38062
6	1.1861
7	1.13288
8	2.75596
9	0.735019
10	1.05649
11	0.441696
12	1.06121
13	1.81172
14	0.44377
15	0.538673
16	0.321775
17	1.69555
18	0.771594
19	0.877617
20	0.539864
21	0.656648
22	0.594944
23	0.668569
24	0.567925
25	0.238432
26	0.587824
27	0.348785
28	0.233859
29	0.603235
30	0.626718
31	0.346118
32	0.515473
33	0.2165
34	0.24268
35	0.333222
36	0.547288
37	0.278999
38	0.18431
39	0.449177
40	0.56715
41	0.389628
42	0.531808
43	0.641652
44	0.369026
45	0.629805
46	0.584913
47	0.444461
48	0.574243
49	0.428612
50	0.363595
51	0.383658
52	0.463315
53	0.338789
================== Frontier ==================
12371	2821
12751	2820
13106	2819
13400	2818
13547	2817
13612	2816
13854	2815
14164	2814
14506	2813
14611	2812
14715	2811
15192	2810
15729	2809
16039	2808
16225	2807
16552	2806
16641	2805
16884	2804
17335	2803
17602	2802
18137	2801
18651	2800
18884	2799
19192	2798
19481	2797
20205	2796
20778	2795
21344	2794
21928	2793
22472	2792
22713	2791
23255	2790
23454	2789
23708	2788
24149	2787
24814	2786
25213	2785
25374	2784
25741	2783
26187	2782
26641	2781
26830	2780
27079	2779
27290	2778
27418	2777
28114	2776
28236	2775
28346	2774
28553	2773
28658	2772
28806	2771
28927	2770
29030	2769
29532	2768
