Frontier size:	125
Weakly effici:	0
Total time:	5.80806
point	 time
0	0.0555039
1	0.0409976
2	0.0383578
3	0.0400952
4	0.03896
5	0.0353141
6	0.0345459
7	0.035858
8	0.061447
9	0.0436512
10	0.0517815
11	0.0459601
12	0.0458861
13	0.0487724
14	0.0438705
15	0.0331207
16	0.0398871
17	0.0425922
18	0.0461691
19	0.0587682
20	0.0620747
21	0.0458917
22	0.0500603
23	0.0397311
24	0.0540836
25	0.0317681
26	0.0580564
27	0.0413278
28	0.0559645
29	0.0518627
30	0.0869208
31	0.043314
32	0.0684342
33	0.0784494
34	0.0647369
35	0.058491
36	0.0507887
37	0.0623335
38	0.0716523
39	0.0600925
40	0.0427057
41	0.0469621
42	0.0351205
43	0.0464827
44	0.0350332
45	0.0309268
46	0.0433349
47	0.0407726
48	0.0421749
49	0.0565373
50	0.0745012
51	0.0534335
52	0.066956
53	0.0494684
54	0.0753584
55	0.0583876
56	0.0514292
57	0.0348179
58	0.04841
59	0.0431156
60	0.0502641
61	0.0515262
62	0.0387227
63	0.034804
64	0.0443123
65	0.0322499
66	0.0246529
67	0.050085
68	0.0300498
69	0.0301841
70	0.0449442
71	0.0646768
72	0.0480037
73	0.0479097
74	0.0548773
75	0.0358659
76	0.0319027
77	0.0414536
78	0.0265722
79	0.0259902
80	0.0301407
81	0.0254807
82	0.0312969
83	0.0362222
84	0.0362382
85	0.0498479
86	0.0375527
87	0.0779121
88	0.0272545
89	0.0262835
90	0.0349329
91	0.0281798
92	0.0306785
93	0.0506606
94	0.0409109
95	0.0324072
96	0.0249802
97	0.020681
98	0.0411811
99	0.0339186
100	0.0329392
101	0.0231117
102	0.035782
103	0.0771236
104	0.048055
105	0.048219
106	0.0509041
107	0.0353905
108	0.0456003
109	0.0561893
110	0.0789673
111	0.0987596
112	0.0793608
113	0.0349472
114	0.0327609
115	0.0800565
116	0.0612732
117	0.0493633
118	0.0487389
119	0.0542385
120	0.0335322
121	0.0333938
122	0.0315542
123	0.0312313
124	0.0620309
================== Frontier ==================
7913	850
8092	848
8280	845
8504	844
8593	843
8815	842
8945	841
9411	839
9561	838
9572	836
9666	835
9845	831
10081	824
10408	823
10522	822
10621	819
10668	818
10897	817
10945	816
11109	813
11187	811
11253	810
11645	808
11671	806
11744	804
11799	801
12224	800
12325	799
12452	798
12461	793
12517	791
12720	789
12841	788
12944	787
13064	785
13196	784
13485	783
13704	781
13891	779
14044	777
14288	771
14614	768
14805	767
15272	765
15494	763
15677	761
15749	757
15845	756
16052	754
16391	750
16485	748
16544	747
16832	745
16945	744
17175	742
17291	741
17536	737
17669	736
17699	733
17969	729
18029	728
18079	718
18204	712
18375	711
18544	704
18576	702
18760	701
18877	695
19105	691
19214	690
19384	685
19594	684
19800	680
19804	679
19999	677
20146	673
20232	669
20308	667
20530	665
20715	663
20745	662
20868	659
21004	653
21121	652
21190	651
21259	647
21406	643
21438	637
21595	630
21743	629
21837	626
22009	619
22243	618
22326	613
22447	612
22687	608
22829	605
23006	599
23224	598
23432	596
23474	594
23613	593
23662	590
23809	586
23827	576
24069	567
24131	563
24265	558
24384	554
24452	549
24900	546
24981	543
25137	540
25151	538
25363	526
25412	523
25503	519
25602	517
25709	503
25884	501
25906	478
25930	477
25967	466
25998	435
26056	423
