Frontier size:	49
Weakly effici:	0
Total time:	35.4186
point	 time
0	2.35454
1	2.15883
2	1.15273
3	1.51585
4	1.92867
5	2.00015
6	1.66163
7	1.44312
8	1.73533
9	1.26733
10	1.69298
11	1.37318
12	0.80335
13	0.939335
14	0.823144
15	0.667223
16	0.843398
17	0.515415
18	0.46307
19	0.599735
20	0.826654
21	0.319315
22	1.0422
23	0.469115
24	0.778353
25	0.666198
26	0.384638
27	0.286675
28	0.326994
29	0.180251
30	0.232596
31	0.199716
32	0.193772
33	0.172058
34	0.139416
35	0.215803
36	0.261619
37	0.223505
38	0.140632
39	0.30577
40	0.234154
41	0.368471
42	0.220059
43	0.264246
44	0.175681
45	0.136844
46	0.208308
47	0.248789
48	0.208233
================== Frontier ==================
11331	2821
11902	2820
12030	2819
12346	2818
12502	2817
12734	2816
13011	2815
13625	2814
13798	2813
14034	2812
14420	2811
14608	2810
14753	2809
15174	2808
15594	2807
15899	2806
16144	2805
16275	2804
16586	2803
16714	2802
16931	2801
17143	2800
17540	2799
18161	2798
18426	2797
18894	2796
19254	2795
19346	2794
19519	2793
20063	2792
20192	2791
21011	2790
21441	2789
21637	2788
22274	2787
22445	2786
22961	2785
23341	2784
23618	2783
23910	2782
24192	2781
24525	2780
24742	2779
25193	2778
25238	2777
25390	2776
25707	2775
26273	2774
26581	2773
