Frontier size:	45
Weakly effici:	0
Total time:	44.8314
point	 time
0	2.45986
1	2.50262
2	1.73232
3	1.57163
4	0.99111
5	1.13354
6	0.831244
7	1.5305
8	1.2991
9	1.31987
10	0.888735
11	1.38611
12	1.5954
13	1.43146
14	0.779699
15	1.19872
16	1.31455
17	1.34354
18	1.0092
19	0.672936
20	1.29528
21	1.33042
22	1.24301
23	1.5835
24	0.701239
25	0.899694
26	0.914653
27	0.904483
28	0.437265
29	0.659454
30	0.675006
31	0.386824
32	0.467302
33	0.261144
34	0.73244
35	0.465765
36	0.684426
37	0.746407
38	0.695298
39	0.515554
40	0.382656
41	0.295918
42	0.53771
43	0.408867
44	0.566002
================== Frontier ==================
13331	2821
13788	2820
14433	2819
14822	2818
15189	2817
15544	2816
15633	2815
16039	2814
16409	2813
16622	2812
16729	2811
17014	2810
17285	2809
17672	2808
17831	2807
18323	2806
18637	2805
18692	2804
19644	2803
19953	2802
20499	2801
20759	2800
21280	2799
21617	2798
22258	2797
22459	2796
22951	2795
23219	2794
23515	2793
23801	2792
24371	2791
24650	2790
25177	2789
25469	2788
25703	2787
26547	2786
27017	2785
27676	2784
27990	2783
28500	2782
28669	2781
29132	2780
29350	2779
30225	2778
30812	2777
