Frontier size:	38
Weakly effici:	1
Total time:	42.0223
point	 time
0	2.62603
1	1.66596
2	1.3157
3	4.23628
4	2.6862
5	1.49186
6	0.86054
7	2.09511
8	1.07431
9	0.742503
10	1.25404
11	0.805496
12	0.621304
13	0.797088
14	0.932178
15	0.845906
16	0.898629
17	0.801832
18	0.726482
19	1.02464
20	0.566861
21	0.711683
22	0.546875
23	0.66521
24	0.604398
25	0.796747
26	0.752212
27	0.72311
28	0.667293
29	0.821773
30	0.502256
31	0.891532
32	0.521029
33	0.509774
34	1.16268
35	0.891544
36	1.22273
37	0.851072
38	1.01028
================== Frontier ==================
15331	454
15386	439
15399	412
15439	406
15455	404
15611	400
15621	396
15624	394
15751	393
15752	387
15768	377
15856	376
15952	366
16008	362
16067	358
16084	355
16116	353
16117	350
16117	343
16306	342
16368	337
16376	328
16440	325
16449	317
16460	309
16475	308
16480	301
16503	286
16524	275
16739	273
16806	269
16807	268
16855	251
16935	248
17421	246
17465	245
17483	239
17489	236
17537	233
