Frontier size:	48
Weakly effici:	0
Total time:	55.4896
point	 time
0	2.70953
1	1.86075
2	1.14304
3	1.35068
4	2.49049
5	1.71215
6	1.81306
7	0.972021
8	1.909
9	0.917967
10	1.18078
11	0.916132
12	1.00863
13	0.64884
14	1.66096
15	0.459985
16	0.505297
17	1.26194
18	2.27282
19	2.08578
20	1.75286
21	2.06085
22	1.394
23	0.932056
24	0.431574
25	1.33225
26	1.22152
27	0.681146
28	0.881185
29	0.562411
30	0.913946
31	0.932712
32	0.682446
33	0.913667
34	1.1488
35	1.24531
36	1.11211
37	1.27461
38	0.531512
39	0.856991
40	0.891445
41	0.907459
42	0.50794
43	0.536454
44	0.359629
45	0.323839
46	1.42877
47	0.735524
================== Frontier ==================
15331	2821
15608	2820
15732	2819
15784	2818
16018	2817
16527	2816
16583	2815
17183	2814
17423	2813
17990	2812
18424	2811
18693	2810
18741	2809
19052	2808
19344	2807
19493	2806
20668	2805
20830	2804
21487	2803
21887	2802
22319	2801
22571	2800
23480	2799
23558	2798
24041	2797
24468	2796
24672	2795
24903	2794
25288	2793
25339	2792
25935	2791
26086	2790
26339	2789
26843	2788
26984	2787
27417	2786
27493	2785
27959	2784
28054	2783
28350	2782
29168	2781
29214	2780
29797	2779
30234	2778
30430	2777
30589	2776
31129	2775
31356	2774
