Frontier size:	30
Weakly effici:	0
Total time:	2.75406
point	 time
0	0.217058
1	0.155715
2	0.0784555
3	0.109494
4	0.0937308
5	0.105213
6	0.0773275
7	0.0866582
8	0.0669532
9	0.0830993
10	0.0902453
11	0.0777508
12	0.0675146
13	0.0715741
14	0.0713908
15	0.0792063
16	0.103448
17	0.0691589
18	0.0709961
19	0.0723249
20	0.0830324
21	0.101377
22	0.0897278
23	0.0930078
24	0.100321
25	0.0969594
26	0.0755302
27	0.0707306
28	0.073722
29	0.0598378
================== Frontier ==================
11629	558
11663	506
11857	493
11977	487
12031	486
12088	480
12108	472
12164	458
12190	455
12196	451
12231	447
12243	446
12463	433
12557	427
12629	425
12724	423
12842	410
12873	407
12894	401
13246	386
13258	378
13308	374
13309	368
13328	365
13444	347
13552	345
13639	343
13728	339
13730	333
13768	332
