Frontier size:	39
Weakly effici:	0
Total time:	8.39077
point	 time
0	0.243116
1	0.142577
2	0.127894
3	0.253098
4	0.159647
5	0.163483
6	0.142316
7	0.200279
8	0.347885
9	0.399994
10	0.263774
11	0.351278
12	0.336255
13	0.26012
14	0.210131
15	0.253311
16	0.180227
17	0.189418
18	0.255782
19	0.196148
20	0.274722
21	0.181262
22	0.204223
23	0.127638
24	0.140134
25	0.191356
26	0.269367
27	0.196763
28	0.127078
29	0.18303
30	0.332037
31	0.14454
32	0.175831
33	0.17023
34	0.416607
35	0.137501
36	0.159959
37	0.135994
38	0.104832
================== Frontier ==================
11629	2821
12126	2820
12452	2819
12731	2818
13025	2817
13384	2816
13469	2815
14055	2814
14347	2813
14789	2812
15213	2811
15527	2810
15752	2809
15940	2808
16290	2807
16557	2806
16800	2805
17167	2804
17426	2803
18171	2802
18914	2801
19302	2800
19992	2799
20255	2798
20740	2797
21340	2796
21996	2795
22407	2794
22815	2793
22986	2792
23195	2791
23319	2790
23435	2789
23610	2788
24093	2787
24783	2786
25125	2785
25299	2784
25498	2783
