Frontier size:	45
Weakly effici:	0
Total time:	7.3332
point	 time
0	0.189419
1	0.186167
2	0.161841
3	0.135597
4	0.153536
5	0.273571
6	0.235955
7	0.199189
8	0.189308
9	0.198114
10	0.210891
11	0.177266
12	0.149949
13	0.298683
14	0.222485
15	0.208627
16	0.213248
17	0.211549
18	0.246562
19	0.20251
20	0.17814
21	0.170157
22	0.158208
23	0.10952
24	0.111272
25	0.208887
26	0.143499
27	0.0945738
28	0.173877
29	0.109216
30	0.137724
31	0.102219
32	0.110419
33	0.144801
34	0.163227
35	0.102139
36	0.110456
37	0.0992455
38	0.112492
39	0.140945
40	0.0984478
41	0.112013
42	0.0868403
43	0.126709
44	0.118627
================== Frontier ==================
10632	2821
11160	2820
11936	2819
12294	2818
12738	2817
13123	2816
13232	2815
13729	2814
14036	2813
14240	2812
14424	2811
14684	2810
14904	2809
15326	2808
15396	2807
16024	2806
16297	2805
16362	2804
17290	2803
17582	2802
18074	2801
18405	2800
18884	2799
19163	2798
19773	2797
19957	2796
20484	2795
20642	2794
20928	2793
21161	2792
21657	2791
21941	2790
22530	2789
22943	2788
23089	2787
23910	2786
24344	2785
24926	2784
25212	2783
25540	2782
25728	2781
26253	2780
26398	2779
27194	2778
27864	2777
