Frontier size:	43
Weakly effici:	0
Total time:	7.03213
point	 time
0	0.190962
1	0.152276
2	0.130251
3	0.169021
4	0.141996
5	0.154433
6	0.202782
7	0.175405
8	0.123949
9	0.17911
10	0.16398
11	0.216096
12	0.298136
13	0.172963
14	0.14941
15	0.127793
16	0.186781
17	0.131837
18	0.147117
19	0.126312
20	0.188982
21	0.133819
22	0.175956
23	0.180543
24	0.120771
25	0.154646
26	0.128846
27	0.255462
28	0.133658
29	0.1727
30	0.23184
31	0.142421
32	0.13092
33	0.168901
34	0.141701
35	0.096291
36	0.108284
37	0.150943
38	0.134753
39	0.095632
40	0.146085
41	0.244322
42	0.210908
================== Frontier ==================
12232	2821
12684	2820
12854	2819
13232	2818
13462	2817
13833	2816
14159	2815
14492	2814
15287	2813
15571	2812
15622	2811
15981	2810
16276	2809
16965	2808
17202	2807
17510	2806
17670	2805
17777	2804
18094	2803
18584	2802
19098	2801
19108	2800
19196	2799
19437	2798
19806	2797
20248	2796
20771	2795
21791	2794
22093	2793
22696	2792
23327	2791
23533	2790
23831	2789
24230	2788
24912	2787
25319	2786
25565	2785
25941	2784
26533	2783
26739	2782
27348	2781
27686	2780
28292	2779
