Frontier size:	29
Weakly effici:	0
Total time:	6.93895
point	 time
0	0.170228
1	0.167967
2	0.130813
3	0.203753
4	0.163012
5	0.142527
6	0.156682
7	0.197102
8	0.15098
9	0.193487
10	0.232368
11	0.163548
12	0.138145
13	0.151373
14	0.173354
15	0.201818
16	0.179353
17	0.196807
18	0.345201
19	0.499072
20	0.43442
21	0.338052
22	0.390102
23	0.272756
24	0.266521
25	0.42747
26	0.224518
27	0.358817
28	0.238645
================== Frontier ==================
13832	2821
13946	2820
14321	2819
14626	2818
15314	2817
15596	2816
16011	2815
16108	2814
16324	2813
16721	2812
17124	2811
17240	2810
18097	2809
18345	2808
18660	2807
19026	2806
19360	2805
19572	2804
20125	2803
20506	2802
21123	2801
21416	2800
22264	2799
22571	2798
23237	2797
23465	2796
24025	2795
24194	2794
24677	2793
