Frontier size:	43
Weakly effici:	0
Total time:	5.6519
point	 time
0	0.173547
1	0.183438
2	0.215732
3	0.126792
4	0.156796
5	0.175596
6	0.184189
7	0.131343
8	0.180769
9	0.175542
10	0.146577
11	0.126801
12	0.132665
13	0.121618
14	0.143124
15	0.0938937
16	0.112522
17	0.116157
18	0.120705
19	0.148542
20	0.161101
21	0.117649
22	0.13412
23	0.103131
24	0.114467
25	0.108622
26	0.105668
27	0.124658
28	0.115361
29	0.129063
30	0.106559
31	0.109607
32	0.112683
33	0.114244
34	0.128735
35	0.0966513
36	0.109128
37	0.118656
38	0.110677
39	0.10161
40	0.111354
41	0.112991
42	0.0945586
================== Frontier ==================
11258	2821
12203	2820
12376	2819
12947	2818
13103	2817
13515	2816
13758	2815
14215	2814
14624	2813
15343	2812
16015	2811
16225	2810
16601	2809
16981	2808
17141	2807
17820	2806
18063	2805
18414	2804
18925	2803
19392	2802
19821	2801
20194	2800
20375	2799
20825	2798
21080	2797
21187	2796
21349	2795
21802	2794
22237	2793
22445	2792
22809	2791
22919	2790
23295	2789
24279	2788
24615	2787
25112	2786
25405	2785
25813	2784
26314	2783
26370	2782
26603	2781
26806	2780
26945	2779
