Frontier size:	39
Weakly effici:	0
Total time:	5.32941
point	 time
0	0.155436
1	0.226632
2	0.133872
3	0.129731
4	0.117108
5	0.125123
6	0.104546
7	0.108726
8	0.161166
9	0.172306
10	0.114377
11	0.126329
12	0.170748
13	0.183042
14	0.134729
15	0.112605
16	0.128337
17	0.132048
18	0.156038
19	0.167024
20	0.148536
21	0.127369
22	0.111735
23	0.117984
24	0.139212
25	0.1268
26	0.111935
27	0.164521
28	0.153577
29	0.163703
30	0.134418
31	0.0994397
32	0.121967
33	0.122854
34	0.145872
35	0.11259
36	0.125105
37	0.0982892
38	0.105697
================== Frontier ==================
10551	2821
10762	2820
11270	2819
11518	2818
11850	2817
12173	2816
12442	2815
12660	2814
12952	2813
13153	2812
13717	2811
13781	2810
14266	2809
14594	2808
14898	2807
15101	2806
15260	2805
16046	2804
16275	2803
16632	2802
17094	2801
17797	2800
18002	2799
18398	2798
18800	2797
18877	2796
18966	2795
19327	2794
19924	2793
20475	2792
20640	2791
21238	2790
21559	2789
22138	2788
22866	2787
23378	2786
23592	2785
23770	2784
24187	2783
