Frontier size:	58
Weakly effici:	1
Total time:	4.29224
point	 time
0	0.120904
1	0.0953958
2	0.0860262
3	0.100569
4	0.0646099
5	0.0637993
6	0.0469176
7	0.0737585
8	0.0680756
9	0.0526756
10	0.0692968
11	0.0554609
12	0.0775979
13	0.0713093
14	0.0704604
15	0.0573463
16	0.0646208
17	0.0505646
18	0.0684742
19	0.0681767
20	0.0451567
21	0.0640201
22	0.084572
23	0.0543358
24	0.0483441
25	0.0610588
26	0.0841641
27	0.0794895
28	0.0651514
29	0.099959
30	0.0722634
31	0.0925959
32	0.088737
33	0.074916
34	0.0565325
35	0.0917039
36	0.0713533
37	0.0812134
38	0.0920233
39	0.101668
40	0.0706167
41	0.0596607
42	0.0739287
43	0.0559715
44	0.0441513
45	0.0705735
46	0.0766767
47	0.0802562
48	0.0826102
49	0.0739404
50	0.075897
51	0.056581
52	0.0697973
53	0.0765695
54	0.04629
55	0.0675412
56	0.054506
57	0.0512118
58	0.0433331
================== Frontier ==================
11824	568
11829	493
11837	489
11877	470
12071	465
12151	463
12151	461
12152	457
12160	456
12316	455
12325	454
12329	453
12505	451
12518	447
12543	440
12556	422
12571	419
12607	418
12830	415
13022	410
13085	406
13383	398
13392	395
13412	392
13419	389
13422	380
13439	369
13606	366
13714	364
13774	363
13839	357
13843	352
14077	345
14127	344
14338	342
14416	341
14871	335
14889	322
15205	316
15208	301
15226	300
15243	295
15279	293
15291	292
15301	290
15439	282
15473	278
15688	277
15804	274
15808	246
15905	240
15921	227
15942	220
16430	217
16490	216
16600	206
16611	202
16613	200
16651	195
