Frontier size:	43
Weakly effici:	0
Total time:	6.72664
point	 time
0	0.113511
1	0.16174
2	0.138585
3	0.149561
4	0.125298
5	0.144162
6	0.165462
7	0.145822
8	0.184926
9	0.148873
10	0.171751
11	0.255733
12	0.167743
13	0.16243
14	0.169995
15	0.154434
16	0.125915
17	0.134352
18	0.155892
19	0.168196
20	0.177655
21	0.155518
22	0.154975
23	0.198807
24	0.140015
25	0.183402
26	0.150632
27	0.167716
28	0.119873
29	0.164725
30	0.215769
31	0.199284
32	0.127442
33	0.157727
34	0.141383
35	0.170193
36	0.172479
37	0.133615
38	0.124743
39	0.117491
40	0.126042
41	0.129226
42	0.109668
================== Frontier ==================
11824	2821
12288	2820
12541	2819
12882	2818
13432	2817
13844	2816
14040	2815
14593	2814
14998	2813
15201	2812
15934	2811
16219	2810
16386	2809
16628	2808
16717	2807
16872	2806
17868	2805
18095	2804
18556	2803
18947	2802
19359	2801
19526	2800
19747	2799
20139	2798
20371	2797
20646	2796
20977	2795
21766	2794
22038	2793
22525	2792
22954	2791
23053	2790
23374	2789
23728	2788
23990	2787
24125	2786
24745	2785
25278	2784
25349	2783
25744	2782
25950	2781
26421	2780
27090	2779
