Frontier size:	24
Weakly effici:	0
Total time:	0.82671
point	 time
0	0.0473388
1	0.0392301
2	0.045199
3	0.0389281
4	0.0499432
5	0.0571157
6	0.0407995
7	0.0385914
8	0.0450258
9	0.0381503
10	0.0507975
11	0.0300434
12	0.0478941
13	0.0328187
14	0.0232635
15	0.0276578
16	0.0165827
17	0.0243588
18	0.0190945
19	0.02911
20	0.0199779
21	0.0101811
22	0.0213011
23	0.0260712
================== Frontier ==================
9314	609
9365	543
9379	504
9441	497
9646	454
9721	412
9755	401
9830	392
9837	384
9951	379
9975	373
10012	369
10073	349
10194	340
10436	337
10541	327
10568	320
10637	316
10862	302
11182	296
11465	273
11490	257
11698	250
12061	243
