Frontier size:	130
Weakly effici:	0
Total time:	9.61617
point	 time
0	0.0531106
1	0.125068
2	0.110178
3	0.0979072
4	0.0720275
5	0.0790508
6	0.0488313
7	0.0684635
8	0.0766455
9	0.0836396
10	0.0693599
11	0.0591979
12	0.0546878
13	0.0599657
14	0.0846283
15	0.0415
16	0.053247
17	0.103731
18	0.0728045
19	0.0435658
20	0.0466956
21	0.0414238
22	0.0523445
23	0.0388477
24	0.0373138
25	0.0419027
26	0.058793
27	0.0365344
28	0.0502977
29	0.0440447
30	0.0452733
31	0.0541291
32	0.0559938
33	0.0457708
34	0.0517037
35	0.0437026
36	0.039245
37	0.0410513
38	0.0526596
39	0.0434784
40	0.0329175
41	0.0453274
42	0.0351909
43	0.0456088
44	0.0897104
45	0.0548465
46	0.0631422
47	0.112563
48	0.0982246
49	0.10061
50	0.113235
51	0.0452458
52	0.101358
53	0.103605
54	0.0556245
55	0.109754
56	0.0792554
57	0.0939808
58	0.0531059
59	0.0981941
60	0.0841639
61	0.0689682
62	0.0409095
63	0.067421
64	0.0492698
65	0.0611954
66	0.0623455
67	0.0476562
68	0.0860092
69	0.057432
70	0.0381719
71	0.0403135
72	0.0780016
73	0.0701581
74	0.054147
75	0.0479308
76	0.0458262
77	0.111494
78	0.053739
79	0.0549894
80	0.0627385
81	0.0540971
82	0.0366521
83	0.0675391
84	0.0500864
85	0.049638
86	0.0662754
87	0.168529
88	0.0525794
89	0.0740153
90	0.099132
91	0.0666889
92	0.0678545
93	0.0703166
94	0.044257
95	0.0507258
96	0.0459151
97	0.0650925
98	0.0363049
99	0.0549432
100	0.0789782
101	0.0397304
102	0.0465235
103	0.0439257
104	0.0402231
105	0.0321712
106	0.0496663
107	0.118094
108	0.119766
109	0.0997424
110	0.108567
111	0.211297
112	0.160931
113	0.142761
114	0.296612
115	0.123559
116	0.122
117	0.0613215
118	0.0591563
119	0.12357
120	0.176167
121	0.284605
122	0.141369
123	0.0611636
124	0.0677665
125	0.113904
126	0.0706288
127	0.08771
128	0.046895
129	0.0486375
================== Frontier ==================
9314	850
9792	849
9927	847
9953	846
10011	845
10313	844
10458	842
10605	838
10754	837
10777	834
10973	833
11269	831
11465	829
11531	827
11867	826
12002	822
12115	821
12454	820
12603	819
12866	817
13056	814
13106	812
13133	811
13148	810
13230	807
13576	806
13910	805
13933	804
14035	802
14085	801
14149	800
14503	799
14603	795
14625	794
14696	784
14856	783
14938	779
15136	771
15280	768
15317	766
15490	765
15611	763
15861	762
15970	759
16168	758
16329	751
16652	749
16730	746
16803	745
17014	742
17045	739
17046	737
17175	733
17236	732
17253	731
17529	729
17560	727
17768	726
18021	724
18103	723
18122	722
18224	720
18243	718
18427	717
18568	716
18786	713
18926	712
19093	710
19364	706
19490	705
19567	704
19797	703
20124	702
20301	699
20409	698
20518	696
20600	695
20831	690
21018	683
21038	680
21273	679
21410	672
21570	670
21819	666
22130	664
22333	658
22524	657
22559	651
22598	649
22664	647
22801	646
22820	640
22823	637
22857	636
22900	632
23051	631
23129	628
23395	626
23470	625
23513	624
23758	618
23898	617
23916	613
24095	609
24513	607
24742	606
24934	602
25195	601
25465	597
25648	589
25784	581
25833	576
25838	573
25928	565
26060	560
26160	540
26238	536
26287	533
26305	532
26399	528
26589	520
26686	510
26794	507
26871	492
26908	485
27015	483
27032	478
27238	411
27257	381
27315	366
