Frontier size:	57
Weakly effici:	1
Total time:	5.62572
point	 time
0	0.133863
1	0.101361
2	0.104333
3	0.0926118
4	0.0755821
5	0.086095
6	0.0638582
7	0.0644623
8	0.0694471
9	0.0774934
10	0.0811335
11	0.104518
12	0.0986563
13	0.0995806
14	0.115679
15	0.12474
16	0.0957715
17	0.150036
18	0.143424
19	0.141564
20	0.0882535
21	0.158879
22	0.10228
23	0.105871
24	0.102001
25	0.154262
26	0.0853296
27	0.139094
28	0.144594
29	0.125484
30	0.098484
31	0.104567
32	0.0854294
33	0.11268
34	0.104436
35	0.124493
36	0.0915227
37	0.0652235
38	0.099131
39	0.0826946
40	0.0622885
41	0.114006
42	0.0640314
43	0.0634282
44	0.0887718
45	0.0967453
46	0.0777432
47	0.0915347
48	0.067587
49	0.0748006
50	0.0578262
51	0.0653505
52	0.0869906
53	0.0425569
54	0.0729447
55	0.0732053
56	0.0439855
57	0.0580443
================== Frontier ==================
13024	568
13029	493
13037	489
13077	470
13271	465
13351	463
13351	461
13352	457
13360	456
13716	455
13725	454
13729	453
14101	451
14114	447
14139	440
14152	422
14167	419
14203	418
14426	415
14618	410
14681	406
14948	398
14957	392
14975	382
14981	369
15180	366
15288	364
15348	363
15413	357
15417	352
15651	345
15701	344
15912	342
15990	341
16445	335
16463	322
16779	320
16805	316
16808	301
16826	300
16843	295
16879	293
16892	292
16901	290
17039	282
17074	278
17288	277
17404	274
17408	246
17505	240
17521	227
17542	220
18030	217
18200	216
18310	206
18321	202
18323	200
18361	195
