Frontier size:	43
Weakly effici:	0
Total time:	6.02218
point	 time
0	0.144861
1	0.150497
2	0.176286
3	0.166756
4	0.137749
5	0.136169
6	0.135655
7	0.18867
8	0.147786
9	0.199067
10	0.146915
11	0.129066
12	0.132998
13	0.135145
14	0.111462
15	0.130567
16	0.135904
17	0.140506
18	0.161677
19	0.159171
20	0.202116
21	0.168866
22	0.171894
23	0.131631
24	0.114442
25	0.126044
26	0.117094
27	0.134666
28	0.120189
29	0.113857
30	0.127375
31	0.143707
32	0.145314
33	0.109919
34	0.116157
35	0.113311
36	0.114126
37	0.115145
38	0.128599
39	0.141311
40	0.117755
41	0.120444
42	0.120416
================== Frontier ==================
13024	2821
14004	2820
14177	2819
14844	2818
15033	2817
15444	2816
15796	2815
16204	2814
16827	2813
17546	2812
18218	2811
18428	2810
18804	2809
19184	2808
19344	2807
20023	2806
20266	2805
20654	2804
21238	2803
21547	2802
22037	2801
22546	2800
22774	2799
23248	2798
23548	2797
23655	2796
23674	2795
24055	2794
24530	2793
24738	2792
25317	2791
25423	2790
25874	2789
26893	2788
27229	2787
27726	2786
27999	2785
28282	2784
28783	2783
28839	2782
29129	2781
29383	2780
29527	2779
