Frontier size:	56
Weakly effici:	0
Total time:	6.11421
point	 time
0	0.204465
1	0.149143
2	0.125455
3	0.125715
4	0.124554
5	0.0725979
6	0.0829725
7	0.0797232
8	0.0732364
9	0.0687686
10	0.0727506
11	0.0610215
12	0.085503
13	0.127901
14	0.172696
15	0.0760795
16	0.0736941
17	0.120392
18	0.0768629
19	0.0803128
20	0.144526
21	0.0826558
22	0.106158
23	0.168193
24	0.106697
25	0.0969934
26	0.138027
27	0.177905
28	0.064263
29	0.0946019
30	0.0733494
31	0.178336
32	0.0653136
33	0.0623178
34	0.0774421
35	0.12135
36	0.132701
37	0.0775187
38	0.0821727
39	0.123542
40	0.139223
41	0.267863
42	0.0830637
43	0.0911195
44	0.0867179
45	0.135283
46	0.0858528
47	0.126701
48	0.207634
49	0.0747031
50	0.0725643
51	0.0960303
52	0.0616712
53	0.0537781
54	0.198638
55	0.0911202
================== Frontier ==================
6589	324
6748	323
6825	322
7265	321
7335	320
7459	319
7481	318
7670	317
7797	316
7879	315
8200	314
8219	313
8470	312
8542	311
8736	310
8931	309
9192	308
9258	307
9402	306
9430	305
9679	304
9713	303
9831	302
9890	301
9941	300
10158	299
10222	298
10373	297
10574	296
10608	295
10832	294
10930	293
11070	292
11251	291
11446	290
11559	289
11751	288
11821	285
11969	284
12053	283
12126	282
12348	281
12544	280
12618	279
12649	278
12707	277
12830	276
12918	275
13007	274
13097	272
13176	271
13215	270
13368	269
13444	267
13816	266
13986	265
