Frontier size:	21
Weakly effici:	0
Total time:	2.84565
point	 time
0	0.392698
1	0.331392
2	0.311168
3	0.205048
4	0.209052
5	0.190208
6	0.194984
7	0.16946
8	0.217553
9	0.153219
10	0.112573
11	0.0451083
12	0.0476075
13	0.0464947
14	0.0232887
15	0.0384403
16	0.0247561
17	0.0442254
18	0.0134884
19	0.0312456
20	0.0230036
================== Frontier ==================
5663	107
5749	103
5754	101
5767	98
5804	96
5962	95
6076	94
6127	89
6143	86
6152	80
6202	76
6236	73
6377	71
6517	70
6520	67
6963	66
6971	64
6994	63
7054	61
7062	59
7070	58
