Frontier size:	68
Weakly effici:	0
Total time:	74.1685
point	 time
0	0.387654
1	0.385689
2	0.684543
3	0.4921
4	1.37573
5	2.33068
6	2.52935
7	2.29731
8	1.9718
9	1.60359
10	0.636239
11	0.77058
12	0.984897
13	0.738663
14	0.881604
15	1.59637
16	1.00698
17	1.45384
18	0.959445
19	0.952332
20	0.498025
21	0.637184
22	0.903738
23	1.1545
24	0.740641
25	0.681204
26	1.19283
27	0.977972
28	0.886982
29	0.860113
30	1.29977
31	1.01846
32	0.681511
33	0.915979
34	0.923299
35	0.498648
36	0.5598
37	1.11052
38	0.609149
39	2.13215
40	1.28853
41	1.40697
42	0.515068
43	0.730924
44	1.04882
45	1.23074
46	1.113
47	1.42169
48	1.30426
49	2.3847
50	0.858327
51	1.88622
52	1.87641
53	1.96247
54	1.5085
55	1.11051
56	1.88832
57	0.985049
58	1.04286
59	1.59736
60	0.50929
61	0.641675
62	0.846687
63	0.472912
64	0.464437
65	0.711962
66	0.58688
67	0.41394
================== Frontier ==================
5663	351
5759	350
6068	349
6102	348
6406	347
6719	346
6763	345
6974	344
7125	343
7185	342
7209	341
7273	340
7430	339
7495	338
7585	336
7712	335
7804	334
7956	333
8095	332
8209	331
8218	330
8349	329
8399	328
8589	327
8630	326
8808	325
9101	324
9203	323
9274	322
9374	321
9623	320
9672	319
9680	318
9803	317
10006	316
10126	315
10158	313
10380	312
10528	311
10662	310
10716	309
10780	307
10875	306
10942	305
11149	304
11241	303
11282	302
11350	301
11474	300
11538	299
11628	298
11730	297
11750	296
11880	295
12028	294
12043	293
12153	292
12201	291
12360	290
12408	289
12441	288
12534	287
12630	286
12699	285
12835	284
12991	283
13242	282
13353	281
