Frontier size:	25
Weakly effici:	0
Total time:	2.27779
point	 time
0	0.16022
1	0.100974
2	0.117758
3	0.160965
4	0.163263
5	0.0988771
6	0.203922
7	0.20414
8	0.0923783
9	0.0537748
10	0.0952609
11	0.140471
12	0.0470902
13	0.0614424
14	0.0616884
15	0.0767754
16	0.0389685
17	0.0844949
18	0.0499969
19	0.0558064
20	0.0268821
21	0.0362757
22	0.0384989
23	0.0341116
24	0.0390873
================== Frontier ==================
5214	104
5220	101
5301	100
5307	96
5357	92
5379	90
5508	80
5532	75
5580	72
5816	69
5881	64
6116	63
6369	61
6449	59
6651	57
6817	56
6847	54
7074	53
7198	52
7272	49
7539	48
7940	47
7943	45
8687	43
8992	41
