Frontier size:	54
Weakly effici:	0
Total time:	34.9579
point	 time
0	0.162712
1	0.394087
2	0.267726
3	0.316482
4	0.327396
5	0.221321
6	0.349001
7	0.365318
8	0.317564
9	0.377816
10	0.349229
11	0.60422
12	0.735187
13	0.564673
14	0.575604
15	0.272042
16	1.64252
17	0.386921
18	0.41513
19	0.362065
20	0.55521
21	0.461579
22	0.528322
23	0.582949
24	0.819996
25	0.843111
26	0.611372
27	0.73371
28	0.469322
29	0.650529
30	0.471461
31	0.965012
32	0.690912
33	1.4583
34	0.72211
35	0.682612
36	0.726585
37	0.886166
38	1.78241
39	2.02423
40	0.612357
41	0.737875
42	1.64099
43	0.649047
44	0.72201
45	0.497093
46	0.491798
47	0.836453
48	0.690156
49	0.528262
50	0.751208
51	0.506933
52	0.342109
53	0.219794
================== Frontier ==================
5214	218
5257	210
5259	209
5265	195
5274	179
5308	169
5361	164
5376	163
5410	155
5428	154
5446	153
5495	144
5572	143
5583	141
5591	135
5593	132
5643	130
5644	129
5658	127
5742	124
5828	123
5841	121
5856	119
5952	116
5968	113
5980	111
6034	108
6040	105
6156	104
6188	103
6214	102
6275	94
6324	91
6452	89
6531	84
6557	83
6606	80
6638	77
6699	76
6738	74
6750	70
6795	67
6875	66
6932	65
6939	59
7021	58
7055	56
7203	55
7243	53
7253	52
7258	50
7304	43
7578	39
7770	37
