Frontier size:	121
Weakly effici:	1
Total time:	116.518
point	 time
0	0.18335
1	0.390675
2	0.428846
3	0.271921
4	0.39724
5	0.333055
6	0.638509
7	0.64495
8	0.930013
9	1.29379
10	1.02994
11	0.678832
12	1.00971
13	1.02578
14	1.34676
15	1.63645
16	1.43283
17	0.847276
18	0.721841
19	0.805703
20	0.713976
21	0.650247
22	0.941121
23	0.841826
24	0.970196
25	0.711592
26	0.799254
27	1.3521
28	1.29618
29	0.917439
30	0.586592
31	0.504283
32	0.672971
33	0.451195
34	0.500044
35	0.415085
36	0.469164
37	0.397551
38	0.314303
39	0.556833
40	0.419046
41	0.42334
42	0.680818
43	0.910536
44	0.817499
45	0.314748
46	2.08732
47	2.02497
48	2.74471
49	1.10439
50	1.66331
51	2.8115
52	0.869121
53	1.15726
54	0.763952
55	0.47617
56	1.31888
57	1.73959
58	1.77769
59	1.58817
60	1.58304
61	1.98539
62	1.42729
63	2.03201
64	2.94317
65	1.77573
66	2.00726
67	1.56155
68	1.53127
69	1.72847
70	1.51975
71	1.99551
72	2.00858
73	1.648
74	1.89175
75	1.51105
76	0.830252
77	0.663708
78	1.96762
79	1.3416
80	1.37365
81	1.66293
82	0.912507
83	0.621795
84	2.30925
85	1.67164
86	1.78316
87	0.911253
88	0.996137
89	0.852012
90	0.623727
91	0.701601
92	0.472625
93	0.511397
94	0.466173
95	0.558323
96	0.615947
97	0.574135
98	0.445746
99	0.483455
100	0.409841
101	0.514602
102	0.511817
103	0.462904
104	0.405502
105	0.524046
106	0.287821
107	0.440158
108	0.419617
109	0.370555
110	0.349436
111	0.447263
112	0.577427
113	0.335087
114	0.385444
115	0.398398
116	0.240801
117	0.287331
118	0.217511
119	0.260063
120	0.185993
121	0.0805827
================== Frontier ==================
5214	367
5322	366
5382	365
5441	364
5484	363
5534	362
5773	361
5875	360
6122	359
6304	358
6395	357
6493	356
6603	354
6682	353
6802	352
6879	351
6944	350
6964	349
7025	348
7153	347
7299	346
7341	345
7535	344
7638	343
7719	342
7799	341
7916	340
8078	339
8107	338
8168	337
8225	336
8287	335
8415	333
8505	332
8527	331
8552	329
8631	328
8691	327
8700	326
8870	325
8875	324
8944	323
9136	322
9363	321
9405	320
9450	319
9820	318
9959	317
10148	316
10235	315
10251	314
10320	313
10428	311
10455	310
10497	309
10577	308
10909	307
11151	306
11253	305
11290	304
11353	303
11442	302
11516	301
11518	300
11574	298
11703	297
11782	296
11798	295
11846	294
12026	293
12116	292
12219	291
12334	290
12400	289
12457	288
12501	287
12611	286
12644	285
13087	281
13109	280
13465	279
13578	278
13597	277
13649	276
13691	275
13917	274
13934	273
13993	271
14086	270
14128	269
14190	268
14241	267
14256	266
14269	265
14340	264
14400	261
14527	260
14797	259
14866	258
14922	257
14974	255
15098	253
15125	252
15125	249
15238	246
15299	243
15356	242
15493	240
15525	239
15583	237
15670	236
15835	233
15876	230
15942	228
15985	227
16047	223
16269	220
16318	201
16371	184
16395	166
16465	161
16477	159
