Frontier size:	121
Weakly effici:	1
Total time:	17.255
point	 time
0	0.0645771
1	0.0509259
2	0.0542367
3	0.0765653
4	0.0737271
5	0.175307
6	0.142816
7	0.158227
8	0.313035
9	0.197789
10	0.103675
11	0.137895
12	0.25099
13	0.76807
14	0.429278
15	0.2685
16	0.105467
17	0.109082
18	0.166607
19	0.198645
20	0.208968
21	0.216628
22	0.24678
23	0.15158
24	0.277407
25	0.191773
26	0.188556
27	0.23296
28	0.206896
29	0.190296
30	0.223635
31	0.301279
32	0.147106
33	0.123707
34	0.11079
35	0.238789
36	0.129507
37	0.174087
38	0.123198
39	0.0938724
40	0.104658
41	0.0911628
42	0.0809832
43	0.139445
44	0.117511
45	0.14977
46	0.0822145
47	0.104221
48	0.0952378
49	0.0794059
50	0.0736553
51	0.0686421
52	0.135462
53	0.102364
54	0.0748344
55	0.0746558
56	0.0589719
57	0.0986249
58	0.226669
59	0.142692
60	0.1966
61	0.129727
62	0.181078
63	0.0611307
64	0.11684
65	0.0501599
66	0.0690968
67	0.063164
68	0.0663803
69	0.0609495
70	0.0933966
71	0.0793056
72	0.0783083
73	0.0633828
74	0.0720442
75	0.119233
76	0.074802
77	0.0801916
78	0.0769233
79	0.0875576
80	0.116817
81	0.169178
82	0.105861
83	0.0718919
84	0.0654193
85	0.142373
86	0.10328
87	0.0989446
88	0.0878031
89	0.056586
90	0.0536734
91	0.055714
92	0.147064
93	0.141977
94	0.118918
95	0.0674134
96	0.0553014
97	0.111551
98	0.159301
99	0.13205
100	0.110274
101	0.176284
102	0.194021
103	0.101395
104	0.138101
105	0.249713
106	0.181469
107	0.176051
108	0.158966
109	0.211927
110	0.219367
111	0.291426
112	0.304909
113	0.0973229
114	0.0741563
115	0.093328
116	0.14003
117	0.141715
118	0.129805
119	0.120473
120	0.125214
121	0.168458
================== Frontier ==================
7028	372
7414	371
7623	370
8209	369
8590	368
9009	367
9132	366
9324	365
9506	364
9506	363
9653	362
10039	361
10264	360
10857	359
10899	358
11065	357
11284	356
11351	355
11388	354
11460	352
11642	351
11654	350
11818	349
11925	348
12116	347
12151	346
12249	345
12563	344
12617	343
12674	342
12703	341
12849	340
12959	339
13003	337
13050	334
13248	333
13273	332
13298	331
13380	330
13433	329
13588	328
13668	326
13734	325
13800	324
13883	323
13925	322
14018	321
14112	320
14129	319
14179	318
14203	317
14264	316
14505	315
14566	314
14607	313
14684	312
14789	311
15089	310
15170	308
15318	306
15535	305
15650	304
15763	303
15893	302
16054	301
16070	300
16228	299
16268	298
16395	297
16506	296
16582	295
16752	294
16952	293
16984	292
17225	291
17301	290
17416	289
17542	288
17827	286
17855	285
18025	284
18111	282
18137	281
18238	279
18430	278
18710	277
18786	276
18827	275
18886	274
18906	273
19041	272
19059	271
19122	269
19304	268
19486	267
19544	265
19563	263
19707	262
19874	260
19922	259
20035	258
20118	255
20171	254
20297	253
20415	252
20510	250
20528	249
20601	248
20645	246
20674	244
20749	243
20796	242
20879	241
20917	238
20948	237
21036	236
21103	235
21149	234
21163	233
21211	232
21283	231
21311	227
