Frontier size:	168
Weakly effici:	1
Total time:	71.0588
point	 time
0	0.17785
1	0.396245
2	0.352379
3	0.347063
4	0.618441
5	0.51167
6	0.154309
7	0.173118
8	0.13386
9	0.162288
10	0.112669
11	0.10156
12	0.581047
13	0.23247
14	0.288751
15	0.369387
16	0.424972
17	0.179745
18	0.180264
19	0.22267
20	0.175838
21	0.144436
22	0.150205
23	0.0768524
24	0.320645
25	0.461431
26	0.415067
27	1.08114
28	0.766802
29	0.409295
30	0.373553
31	0.365158
32	0.608378
33	0.55324
34	0.57178
35	0.785896
36	0.880276
37	0.436926
38	0.503831
39	0.476253
40	0.413489
41	0.503955
42	0.433556
43	0.320344
44	0.220247
45	0.263499
46	0.566848
47	0.446541
48	0.363182
49	0.679729
50	0.61361
51	0.456883
52	1.39926
53	1.07769
54	0.574795
55	0.81572
56	0.562193
57	1.33696
58	0.697519
59	0.557022
60	0.509741
61	0.829912
62	0.644239
63	1.08994
64	0.32496
65	1.03288
66	1.01206
67	0.446939
68	1.27024
69	0.973497
70	0.427899
71	0.368344
72	0.256525
73	0.606092
74	0.331802
75	0.318926
76	0.266202
77	0.190735
78	0.300041
79	0.138386
80	0.155906
81	0.119739
82	0.11196
83	0.209337
84	0.49826
85	0.838536
86	0.591006
87	0.621727
88	1.00989
89	0.902667
90	0.468006
91	0.723421
92	0.599284
93	0.521425
94	0.342693
95	0.368875
96	0.740002
97	0.734262
98	0.788488
99	0.552568
100	0.301222
101	0.722227
102	0.456424
103	0.379482
104	0.386835
105	0.223145
106	0.102457
107	0.443117
108	0.19979
109	0.41805
110	0.251582
111	0.203576
112	0.538341
113	0.204723
114	0.265636
115	0.584523
116	0.197685
117	0.245078
118	0.56342
119	0.217998
120	0.459543
121	0.586093
122	0.215204
123	0.2476
124	0.368611
125	0.199911
126	0.202365
127	0.365996
128	0.716688
129	0.729993
130	0.290389
131	0.326401
132	0.702215
133	0.452199
134	0.667352
135	0.310338
136	0.209753
137	0.450661
138	0.0860137
139	0.0996459
140	0.11375
141	0.0936096
142	0.200762
143	0.334886
144	0.190593
145	0.181558
146	0.383188
147	0.378024
148	0.155051
149	0.167143
150	0.232511
151	0.21403
152	0.0921715
153	0.140925
154	0.220889
155	0.217004
156	0.13136
157	0.180568
158	0.159703
159	0.372607
160	0.313952
161	0.364869
162	0.239456
163	0.334986
164	0.115677
165	0.211391
166	0.343301
167	0.307547
168	0.153096
================== Frontier ==================
6251	377
6751	376
6917	375
7171	374
7377	373
7682	372
7728	370
7844	369
8087	368
8369	367
8441	366
8514	365
9066	364
9144	363
9222	362
9335	361
9361	360
9465	359
9518	358
9585	357
9631	356
9711	355
9805	354
9846	353
10020	352
10201	351
10298	350
10429	349
10432	348
10555	347
10784	346
10800	345
10992	343
11032	340
11238	339
11380	337
11437	336
11580	335
11610	333
11678	332
11907	331
12002	330
12046	329
12048	328
12051	327
12124	326
12150	325
12374	324
12429	323
12621	322
12772	320
12822	319
13007	318
13125	317
13186	315
13240	314
13288	313
13447	311
13538	310
13555	309
13655	308
13700	307
13711	306
13816	304
13939	302
14147	301
14209	300
14229	299
14342	298
14380	297
14486	296
14595	295
14717	294
14760	292
14805	291
14853	289
14925	288
14976	286
15040	285
15077	284
15169	283
15217	282
15325	280
15490	279
16010	278
16055	277
16173	276
16352	275
16555	274
16602	273
16619	272
16731	271
16761	270
16772	268
16967	267
17090	266
17175	265
17301	263
17425	262
17473	261
17590	260
17643	259
17654	258
17714	256
17745	255
17796	253
17826	252
18149	248
18177	247
18255	246
18299	245
18345	244
18425	241
18462	240
18504	239
18565	238
18610	236
18675	235
18705	234
18732	232
18791	229
18963	228
19004	227
19041	226
19078	225
19107	223
19110	222
19146	221
19179	220
19214	217
19217	211
19219	210
19312	203
19320	170
19381	156
19414	150
19418	149
19519	147
19589	143
19639	141
19659	139
19662	137
19863	134
19958	133
19978	132
20038	131
20106	130
20124	129
20124	126
20145	114
20167	113
20174	111
20190	108
20283	106
20363	105
20379	103
20420	102
20461	99
20482	97
20586	95
20627	94
20656	92
20667	91
20768	85
20807	84
20884	83
20927	82
20957	80
20963	77
