Frontier size:	24
Weakly effici:	0
Total time:	2.61523
point	 time
0	0.407987
1	0.422237
2	0.258337
3	0.0858378
4	0.0708416
5	0.114677
6	0.22645
7	0.213064
8	0.187788
9	0.0346117
10	0.0393588
11	0.030271
12	0.063591
13	0.0779308
14	0.0391849
15	0.0375179
16	0.0346519
17	0.031444
18	0.0354652
19	0.0293995
20	0.0401966
21	0.0368139
22	0.0376187
23	0.0254598
================== Frontier ==================
5651	108
5749	102
5763	97
5767	89
5772	86
5782	85
6067	84
6086	82
6098	79
6101	72
6462	68
6521	65
6626	63
6741	61
6787	60
7151	58
7210	57
7373	54
7460	51
7687	49
8166	48
8635	46
9116	45
9842	43
