Frontier size:	147
Weakly effici:	1
Total time:	175.359
point	 time
0	0.403119
1	0.306484
2	0.447442
3	0.576014
4	2.16667
5	1.33072
6	0.61612
7	0.722787
8	1.00904
9	1.29118
10	0.481387
11	0.241026
12	0.323024
13	0.311638
14	0.285111
15	0.194847
16	0.316411
17	0.232098
18	0.583114
19	1.24888
20	1.22138
21	0.611656
22	0.593322
23	0.925363
24	0.502625
25	1.47196
26	0.595012
27	0.969617
28	0.978377
29	0.620294
30	0.886649
31	0.332326
32	0.528755
33	0.439731
34	0.724997
35	0.531678
36	0.719374
37	2.45574
38	0.543444
39	0.973182
40	2.32004
41	0.772002
42	0.8588
43	1.67345
44	1.32811
45	0.60464
46	0.829693
47	0.650205
48	1.78063
49	1.99698
50	3.0528
51	2.30399
52	2.54432
53	2.23481
54	1.38964
55	0.678478
56	0.456522
57	0.1934
58	0.323346
59	0.213777
60	0.633907
61	1.94722
62	2.24178
63	2.8613
64	1.55729
65	2.55077
66	1.88582
67	2.13772
68	1.85272
69	2.04643
70	0.67094
71	1.99684
72	2.59733
73	2.28133
74	1.71252
75	1.20374
76	0.716748
77	0.485334
78	1.65106
79	2.40469
80	1.35867
81	2.11883
82	3.02002
83	1.99724
84	1.93114
85	2.60467
86	2.15456
87	2.42236
88	2.3485
89	1.8105
90	1.50454
91	1.84401
92	2.19776
93	2.08935
94	1.28394
95	2.07913
96	1.68542
97	1.28768
98	1.62573
99	0.958569
100	0.997352
101	2.26526
102	1.45489
103	1.50531
104	1.55074
105	1.39577
106	1.16645
107	0.738628
108	1.46759
109	1.3864
110	1.52296
111	1.43772
112	1.04872
113	1.01308
114	1.01046
115	0.654932
116	0.74087
117	0.79482
118	0.479427
119	0.462408
120	0.757522
121	0.642163
122	0.829832
123	0.910369
124	0.71724
125	0.78056
126	1.03052
127	0.971753
128	0.645898
129	0.615529
130	0.89619
131	0.509556
132	0.558643
133	0.613028
134	0.499355
135	0.69762
136	0.908057
137	1.0974
138	0.634967
139	1.09818
140	0.817805
141	1.01892
142	1.33572
143	0.620175
144	0.666289
145	0.569961
146	0.918747
147	1.11341
================== Frontier ==================
5651	405
5703	404
6005	403
6300	402
6736	401
6931	400
7010	399
7153	398
7228	397
7348	396
7485	395
7492	394
7620	392
7651	391
7714	390
7806	389
7934	388
7973	387
8139	386
8186	385
8352	384
8432	383
8512	382
8551	381
8580	380
8646	378
8669	377
8831	376
8909	375
9040	373
9193	372
9269	371
9354	369
9360	368
9529	367
9598	366
9700	365
9879	363
9959	362
10012	361
10150	360
10178	359
10220	358
10344	357
10356	355
10463	354
10690	352
10823	351
11001	350
11100	349
11171	347
11220	346
11292	345
11367	343
11416	342
11516	341
11544	340
11551	339
11658	338
11685	336
11890	335
12142	334
12447	333
12555	332
12587	331
12655	330
12660	329
12776	328
12798	327
12910	325
12963	324
13199	322
13362	320
13463	318
13533	316
13612	315
13714	314
13729	313
14015	312
14156	311
14287	310
14380	309
14574	308
14680	307
14773	306
14888	304
14950	303
14975	302
15113	301
15224	299
15276	298
15297	297
15540	296
15614	294
15640	293
15668	292
15903	289
15918	288
15999	286
16018	285
16083	283
16195	282
16273	281
16327	280
16360	277
16477	275
16494	274
16552	273
16771	272
16776	271
16937	270
16991	269
17011	268
17015	267
17090	265
17150	264
17238	260
17299	259
17310	252
17341	250
17387	249
17418	247
17543	245
17749	244
17773	243
17773	240
17873	238
17933	223
17951	195
17968	189
17986	182
18005	178
18038	173
18051	172
18090	165
18306	159
18309	155
18395	152
18469	149
18550	146
18572	142
18700	141
18787	140
18793	139
18811	137
18827	136
18909	135
19008	132
