Frontier size:	119
Weakly effici:	0
Total time:	9.77684
point	 time
0	0.038241
1	0.0414057
2	0.0493419
3	0.0457707
4	0.0699543
5	0.0479549
6	0.0605224
7	0.0621284
8	0.0629907
9	0.0581891
10	0.0386673
11	0.0762518
12	0.134938
13	0.086066
14	0.112761
15	0.102859
16	0.0798088
17	0.109002
18	0.0941917
19	0.0906771
20	0.156762
21	0.178987
22	0.0660525
23	0.107781
24	0.0600862
25	0.109732
26	0.082983
27	0.256871
28	0.130291
29	0.129584
30	0.0695769
31	0.0626151
32	0.0574853
33	0.0742041
34	0.06791
35	0.0493788
36	0.0762231
37	0.0796718
38	0.0896684
39	0.0747228
40	0.0562901
41	0.0586419
42	0.0662525
43	0.0801897
44	0.0814402
45	0.0770999
46	0.11796
47	0.125368
48	0.148094
49	0.0675717
50	0.141174
51	0.138054
52	0.0949953
53	0.108779
54	0.105006
55	0.0463444
56	0.0650686
57	0.0534552
58	0.054282
59	0.0748133
60	0.0592362
61	0.0664929
62	0.0790488
63	0.0666253
64	0.0836755
65	0.0765923
66	0.12482
67	0.130942
68	0.041135
69	0.14425
70	0.0596108
71	0.184478
72	0.19166
73	0.230152
74	0.0548049
75	0.0448161
76	0.0485326
77	0.121862
78	0.0584176
79	0.0419797
80	0.0518301
81	0.0547707
82	0.0393013
83	0.0533548
84	0.0642681
85	0.0478158
86	0.0522904
87	0.0468393
88	0.0558911
89	0.0794452
90	0.0821042
91	0.0685359
92	0.145923
93	0.111404
94	0.0586386
95	0.0551085
96	0.0583648
97	0.0494842
98	0.0446814
99	0.0580667
100	0.163391
101	0.0524729
102	0.0919971
103	0.0810888
104	0.123134
105	0.0589745
106	0.0902502
107	0.052607
108	0.053589
109	0.0547156
110	0.0799122
111	0.0417332
112	0.0466933
113	0.0596582
114	0.0508962
115	0.0627721
116	0.0553284
117	0.0817092
118	0.0470781
================== Frontier ==================
6228	361
6786	360
7080	359
7517	358
7911	357
8314	356
8576	355
9123	354
9476	353
9783	352
10036	351
10259	350
10519	349
10768	348
10794	347
10903	345
10972	344
11144	343
11325	342
11418	341
11501	340
11554	339
11623	338
11833	337
11855	336
11897	333
11935	332
12116	331
12210	330
12224	327
12320	326
12521	324
12653	322
12795	321
12951	320
12964	319
13146	318
13265	317
13277	316
13436	313
13492	312
13768	311
13812	310
13885	309
14037	308
14047	307
14228	306
14510	305
14583	303
14598	302
14671	301
14760	300
14871	299
15012	298
15033	297
15093	296
15170	295
15320	294
15479	293
15869	290
15911	289
16083	288
16158	287
16219	286
16354	285
16463	284
16564	283
16736	282
16742	281
16880	280
16953	279
17108	278
17230	276
17514	275
17550	273
17624	271
17627	270
17689	269
17793	265
17895	263
18163	262
18334	261
18377	260
18522	258
18705	255
18772	254
18934	253
19020	252
19086	251
19138	250
19163	249
19329	246
19358	245
19392	244
19432	243
19620	241
19634	239
19719	238
19739	235
19763	232
19818	231
19881	229
19928	228
19969	224
20098	223
20158	221
20270	219
20444	217
20522	216
20579	213
20605	208
20712	207
20828	206
20914	198
21000	174
21139	173
21182	171
21226	153
21287	151
