Frontier size:	158
Weakly effici:	1
Total time:	52.3396
point	 time
0	0.0897008
1	0.0722894
2	0.139447
3	0.117393
4	0.26377
5	0.155417
6	0.249508
7	0.216019
8	0.12741
9	0.402977
10	0.786588
11	0.540475
12	0.346853
13	0.359334
14	0.326323
15	0.53542
16	0.505945
17	0.563828
18	0.18565
19	0.312522
20	0.539204
21	0.177339
22	0.240015
23	0.263682
24	0.175008
25	0.378011
26	0.181431
27	0.112377
28	0.161886
29	0.12148
30	0.188811
31	0.44423
32	0.303164
33	0.0986865
34	0.155931
35	0.152099
36	0.15397
37	0.26112
38	0.121666
39	0.152979
40	0.18117
41	0.167441
42	0.131304
43	0.214361
44	0.124585
45	0.124083
46	0.100995
47	0.108143
48	0.175357
49	0.0890536
50	0.160318
51	0.168526
52	0.118943
53	0.127616
54	0.179226
55	0.149696
56	0.165152
57	0.27666
58	0.223871
59	0.32206
60	0.462844
61	0.17166
62	0.405355
63	0.730107
64	0.667067
65	0.711858
66	0.309624
67	0.407953
68	0.690961
69	0.388838
70	0.33146
71	0.427929
72	0.409701
73	0.311632
74	1.08968
75	0.936064
76	0.584471
77	0.620767
78	0.796668
79	0.747673
80	0.523161
81	0.536052
82	0.432813
83	0.347802
84	0.308357
85	0.361882
86	0.457371
87	0.462668
88	0.236432
89	0.556726
90	0.964745
91	0.689496
92	0.306682
93	0.510356
94	0.75758
95	0.178194
96	0.466659
97	0.190999
98	0.569029
99	0.648709
100	0.764095
101	0.447166
102	0.56778
103	0.396329
104	0.623098
105	1.15308
106	0.670057
107	0.625936
108	0.212986
109	0.501048
110	0.226744
111	0.787879
112	0.75221
113	0.599071
114	0.555544
115	0.179769
116	0.169461
117	0.170291
118	0.19239
119	0.176326
120	0.186066
121	0.174453
122	0.181337
123	0.168717
124	0.421526
125	0.190099
126	0.405768
127	0.180969
128	0.38145
129	0.207427
130	0.190099
131	0.190106
132	0.182781
133	0.163619
134	0.465239
135	0.189783
136	0.177159
137	0.174827
138	0.0865008
139	0.170289
140	0.217829
141	0.188629
142	0.177999
143	0.141788
144	0.133147
145	0.0763866
146	0.104977
147	0.139497
148	0.0942998
149	0.144029
150	0.161779
151	0.281645
152	0.337406
153	0.326965
154	0.188911
155	0.150175
156	0.134305
157	0.21642
158	0.0651613
================== Frontier ==================
5596	382
6048	381
6276	380
6370	379
6722	378
7094	377
7338	376
7619	375
7736	374
8049	373
8359	372
8714	371
8723	370
8812	369
9124	368
9194	367
9341	366
9417	365
9452	364
9667	363
9667	362
9737	359
9802	358
9827	357
9897	356
9998	355
10009	354
10082	353
10131	352
10303	351
10462	350
10627	349
10650	348
10665	347
10793	344
10826	343
10838	342
10852	341
11007	340
11049	339
11116	338
11158	337
11193	336
11235	335
11347	333
11369	330
11488	328
11618	327
11644	326
11689	325
11923	324
12064	323
12133	322
12296	321
12359	320
12467	319
12533	318
12646	317
12700	316
12907	314
13002	313
13191	312
13328	311
13665	310
13736	309
13778	308
13819	306
14168	305
14392	304
14501	303
14589	302
14791	301
14850	299
14881	298
15040	297
15132	296
15243	295
15253	294
15510	293
15631	292
15735	289
15905	288
15964	287
16007	286
16108	285
16116	284
16208	283
16226	282
16310	281
16362	280
16612	279
16709	277
16830	275
16911	273
16999	272
17148	271
17230	270
17321	268
17478	267
17526	266
17602	264
17618	263
17642	261
17849	260
18057	258
18111	257
18226	253
18324	252
18365	251
18389	247
18467	245
18600	244
18635	239
18701	237
18743	232
18774	230
18858	227
18885	225
18924	220
18937	216
18973	210
19006	188
19070	185
19080	180
19155	178
19156	173
19168	171
19251	169
19263	164
19284	163
19297	162
19334	158
19338	157
19342	156
19381	154
19434	149
19565	147
19573	132
19620	131
19688	129
19710	128
19780	125
19937	122
19968	120
20033	118
20116	116
20134	113
20277	112
20291	110
20352	108
20437	107
20539	106
20544	105
20664	104
20726	103
20731	100
20796	99
20800	98
20874	96
