Frontier size:	20
Weakly effici:	1
Total time:	1.65288
point	 time
0	0.0774585
1	0.0688451
2	0.0570868
3	0.0592621
4	0.0695649
5	0.0439619
6	0.0479833
7	0.0502368
8	0.179454
9	0.0718255
10	0.0450498
11	0.0534504
12	0.0980276
13	0.123261
14	0.0906758
15	0.0702076
16	0.066934
17	0.0995741
18	0.110236
19	0.0830987
20	0.0582782
================== Frontier ==================
5302	139
5305	113
5310	93
5322	92
5322	85
5338	81
5342	80
5397	79
5473	76
5655	69
5739	67
5788	66
5848	63
6281	62
6331	61
6351	60
6352	58
6696	57
6704	56
6945	55
7003	54
