Frontier size:	169
Weakly effici:	1
Total time:	121.01
point	 time
0	0.07935
1	0.155453
2	0.102614
3	0.102759
4	0.379084
5	0.413772
6	0.285339
7	1.8183
8	0.582486
9	2.54157
10	2.16172
11	0.566861
12	0.632335
13	0.563645
14	1.8894
15	1.95619
16	1.0301
17	0.710073
18	1.00107
19	1.73884
20	1.31059
21	0.711794
22	0.690067
23	0.737053
24	0.482826
25	0.405072
26	0.595995
27	0.582899
28	1.01242
29	1.28836
30	1.23633
31	0.932737
32	0.872892
33	0.962373
34	0.78794
35	0.632015
36	0.629901
37	1.00358
38	1.01849
39	0.899421
40	0.533432
41	0.482695
42	0.695234
43	1.56669
44	1.96225
45	1.83792
46	0.926979
47	0.229482
48	0.604496
49	0.206772
50	0.158689
51	0.336572
52	0.247828
53	0.17497
54	0.215297
55	0.393614
56	0.380571
57	0.377921
58	0.427066
59	1.01547
60	0.750706
61	0.65815
62	0.932017
63	1.01209
64	0.466063
65	0.728223
66	1.02654
67	1.36091
68	1.58995
69	1.47745
70	1.00029
71	1.08221
72	0.989603
73	0.761216
74	1.2833
75	0.578173
76	0.7358
77	1.59635
78	1.24727
79	0.54734
80	0.832771
81	1.19386
82	1.19417
83	1.53732
84	1.02339
85	1.12856
86	0.786758
87	0.714955
88	0.809722
89	1.3339
90	0.975668
91	0.686553
92	1.11655
93	1.09215
94	0.523227
95	1.02253
96	0.9672
97	0.549934
98	0.513095
99	0.495303
100	0.62075
101	0.418994
102	0.52135
103	0.63188
104	0.543401
105	1.35832
106	0.936972
107	0.53542
108	1.12906
109	0.619189
110	0.665551
111	0.771726
112	0.935686
113	0.603724
114	0.713556
115	0.626792
116	0.899875
117	0.682443
118	0.731915
119	1.07334
120	1.06334
121	1.05878
122	0.696094
123	0.841357
124	0.835107
125	0.928583
126	0.382849
127	0.745386
128	0.680602
129	0.317822
130	0.313507
131	0.518657
132	0.240259
133	0.203149
134	0.476402
135	0.19144
136	0.296697
137	0.344098
138	0.157901
139	0.433602
140	0.383179
141	0.390585
142	0.39994
143	0.371888
144	0.174366
145	0.488624
146	0.487575
147	0.373713
148	0.37882
149	0.358971
150	0.344336
151	0.158507
152	0.410612
153	0.305232
154	0.332798
155	0.261621
156	0.446583
157	0.395481
158	0.404819
159	0.16454
160	0.166225
161	0.158993
162	0.161947
163	0.212094
164	0.115231
165	0.158669
166	0.150904
167	0.25991
168	0.0523224
169	0.0479523
================== Frontier ==================
5302	385
5500	384
5617	383
5675	382
6119	381
6472	380
6580	379
6817	378
7156	377
7431	376
7532	375
7557	374
7570	373
7689	372
7946	371
8053	370
8160	369
8236	368
8285	367
8371	366
8419	364
8459	363
8514	362
8587	361
8641	358
8700	357
8845	356
9010	355
9088	354
9169	353
9276	352
9288	351
9351	350
9399	347
9526	345
9639	343
9704	342
9842	341
9892	338
9915	336
9954	335
9962	333
10145	332
10431	331
10448	330
10480	329
10522	328
10547	326
10715	325
10777	324
10849	323
10964	322
11074	321
11099	320
11259	319
11412	318
11482	317
11547	316
11666	315
11722	313
11785	312
12021	311
12093	310
12175	309
12248	308
12337	307
12422	306
12651	304
12941	303
13018	301
13104	300
13144	299
13294	298
13433	297
13618	296
13621	295
13742	294
13832	293
13945	292
13998	291
14139	290
14454	289
14472	288
14551	287
14565	286
14647	284
14684	283
14789	281
14913	280
14953	279
15034	277
15118	275
15323	274
15365	272
15435	271
15549	270
15579	265
15645	264
15683	263
15773	262
15795	261
15808	259
15883	258
15907	257
15970	256
16109	252
16158	251
16195	249
16352	248
16378	245
16409	244
16508	243
16533	238
16594	235
16664	232
16736	230
16773	218
16827	217
16860	205
16919	192
16962	185
16968	176
16970	174
16989	173
17019	169
17050	167
17068	165
17080	163
17086	162
17130	159
17170	151
17221	147
17292	144
17410	143
17489	137
17490	134
17572	132
17573	129
17603	128
17680	127
17685	126
17685	121
17804	120
17811	117
17846	115
18176	114
18216	105
18325	104
18352	103
18408	100
18412	98
18449	97
18568	96
18583	94
18705	92
18920	91
19053	89
19097	87
19194	86
19221	84
19224	82
19335	81
19372	80
19404	79
19430	78
19758	77
19787	75
19788	72
19836	68
19897	66
