Frontier size:	147
Weakly effici:	0
Total time:	11.7589
point	 time
0	0.0810392
1	0.148808
2	0.133113
3	0.103942
4	0.12345
5	0.0790026
6	0.155342
7	0.11143
8	0.0929328
9	0.12564
10	0.0436443
11	0.121951
12	0.201086
13	0.129058
14	0.113185
15	0.139117
16	0.0620946
17	0.0983287
18	0.0955168
19	0.128095
20	0.0696437
21	0.051934
22	0.0832868
23	0.068583
24	0.109416
25	0.1297
26	0.145128
27	0.1074
28	0.106431
29	0.158235
30	0.110289
31	0.0860754
32	0.206093
33	0.0886227
34	0.120249
35	0.103629
36	0.0820289
37	0.0663509
38	0.0672049
39	0.0447099
40	0.0466503
41	0.041768
42	0.0522437
43	0.0533144
44	0.0782658
45	0.119173
46	0.0596666
47	0.0491225
48	0.0858273
49	0.0397546
50	0.0275971
51	0.0329784
52	0.0417719
53	0.0523243
54	0.0298797
55	0.0384541
56	0.0445596
57	0.0502091
58	0.0631656
59	0.0306499
60	0.0474981
61	0.0235361
62	0.0376914
63	0.033209
64	0.0717529
65	0.0752117
66	0.0437253
67	0.0641123
68	0.0302046
69	0.0287023
70	0.0996517
71	0.110031
72	0.167835
73	0.114073
74	0.0721994
75	0.152328
76	0.0787715
77	0.059537
78	0.136542
79	0.26422
80	0.163255
81	0.0940621
82	0.0541502
83	0.0574689
84	0.0653042
85	0.0528602
86	0.0731574
87	0.0747651
88	0.13377
89	0.132417
90	0.183239
91	0.0512829
92	0.0624123
93	0.0709683
94	0.0879597
95	0.136749
96	0.116889
97	0.0702497
98	0.0530692
99	0.0967815
100	0.100357
101	0.0415123
102	0.116354
103	0.0501748
104	0.0703962
105	0.275577
106	0.203771
107	0.177157
108	0.085329
109	0.0642973
110	0.0757388
111	0.128175
112	0.09147
113	0.158301
114	0.0478376
115	0.048967
116	0.0175503
117	0.0309504
118	0.0341872
119	0.0418468
120	0.0388282
121	0.036269
122	0.0260661
123	0.0351392
124	0.0240378
125	0.0338345
126	0.0385599
127	0.0244383
128	0.0409403
129	0.0424638
130	0.0439991
131	0.0576381
132	0.0490508
133	0.0328578
134	0.0353316
135	0.0508322
136	0.0638015
137	0.0361092
138	0.0437988
139	0.0441219
140	0.0241487
141	0.0186441
142	0.0391132
143	0.0354128
144	0.031906
145	0.030904
146	0.0195631
================== Frontier ==================
10714	850
11141	849
11385	848
11487	847
11795	844
11964	843
12099	841
12214	840
12246	839
12290	832
12425	830
12603	828
12853	825
13004	824
13027	823
13049	822
13230	818
13485	816
13717	815
13884	814
14032	813
14570	812
14640	810
14645	808
14845	806
14946	803
15024	795
15115	792
15381	786
15627	783
15970	782
15979	780
16419	779
16468	777
16604	776
16720	771
16832	770
17004	768
17039	766
17220	764
17233	762
17366	759
17593	755
17901	749
18324	748
18559	746
18709	745
18791	744
18938	742
19006	737
19133	734
19289	732
19544	726
19631	723
19662	722
19881	720
20197	717
20372	712
20406	710
20419	706
20470	702
20567	701
20882	696
20890	695
21337	694
21507	687
21631	686
21703	684
21777	680
21932	679
22353	677
22461	673
22577	668
22586	667
22723	660
23024	653
23125	652
23409	650
23651	649
23855	645
23877	639
23946	633
24247	632
24359	629
24572	623
24658	622
24920	617
25408	614
25601	613
25681	612
25796	608
25847	606
25987	603
26180	593
26278	587
26424	586
26570	584
26695	583
26894	569
27037	563
27190	562
27196	561
27326	560
27387	555
27562	543
27639	534
27657	532
27842	506
27942	493
28005	486
28127	472
28235	456
28438	403
28515	368
28819	348
29052	343
29068	333
29139	318
29147	292
29339	277
29422	276
29430	267
29528	266
29577	264
29623	263
29769	254
29782	251
29948	240
30012	238
30089	221
30144	218
30150	208
30488	201
30592	200
30601	196
31029	193
31074	192
31115	187
31183	182
31323	178
31340	174
32091	171
32208	168
32229	167
32301	158
32338	155
32395	154
