Frontier size:	46
Weakly effici:	0
Total time:	6.36555
point	 time
0	0.161136
1	0.311379
2	0.26714
3	0.550692
4	0.267767
5	0.217903
6	0.154735
7	0.185102
8	0.15453
9	0.115544
10	0.185195
11	0.137027
12	0.194884
13	0.144106
14	0.162295
15	0.0928048
16	0.110727
17	0.10517
18	0.0850714
19	0.1495
20	0.182017
21	0.0934158
22	0.100189
23	0.0756195
24	0.0817631
25	0.1743
26	0.172996
27	0.122661
28	0.213126
29	0.12385
30	0.0925088
31	0.0985162
32	0.0867911
33	0.0943986
34	0.0920779
35	0.0651158
36	0.0742508
37	0.0595278
38	0.0825365
39	0.10655
40	0.0481236
41	0.0577284
42	0.0659992
43	0.0652349
44	0.0957012
45	0.0728374
================== Frontier ==================
8741	438
8871	437
9034	436
9393	434
9628	433
9707	431
9809	430
9840	429
9911	428
10079	427
10334	426
10378	425
10434	424
10458	423
10480	422
10556	421
10705	420
10891	419
10969	418
11171	417
11304	416
11358	415
11580	414
11613	413
11800	412
12018	411
12179	410
12343	409
12478	408
12485	407
12546	406
12971	405
12979	404
13315	403
13502	402
13678	400
13882	399
13998	398
14194	396
14422	395
14552	394
14830	393
14893	392
14977	391
14997	390
15110	389
