Frontier size:	42
Weakly effici:	1
Total time:	17.6201
point	 time
0	0.813877
1	0.522078
2	0.340022
3	0.662271
4	0.46552
5	0.339779
6	0.28482
7	0.26262
8	0.202456
9	0.264411
10	0.302111
11	0.255482
12	0.187025
13	0.185338
14	0.133273
15	0.322055
16	0.295938
17	0.597956
18	0.656868
19	0.595061
20	0.560658
21	0.632814
22	0.382696
23	0.679391
24	0.351033
25	0.302966
26	0.405253
27	0.198732
28	0.220596
29	0.281172
30	0.379484
31	0.26526
32	0.587446
33	0.518944
34	0.734257
35	0.320318
36	0.429637
37	0.281725
38	0.204034
39	0.605146
40	0.531506
41	0.635701
42	0.402338
================== Frontier ==================
7414	438
7681	437
7976	436
8073	435
8252	434
8448	433
8587	432
8623	431
8675	430
8838	429
9057	428
9179	427
9210	426
9303	425
9338	424
9559	423
9588	422
9814	421
10095	420
10156	419
10354	418
10399	417
10435	416
10736	415
10849	414
10881	413
11164	412
11240	411
11771	410
11879	409
11988	408
12292	407
12519	406
12553	405
12705	404
12836	403
12908	402
13083	401
13098	400
13199	399
13405	398
13518	397
13518	396
