Frontier size:	36
Weakly effici:	0
Total time:	2.29329
point	 time
0	0.0969877
1	0.0675837
2	0.0806779
3	0.0633744
4	0.0810288
5	0.0738675
6	0.065477
7	0.053375
8	0.0491635
9	0.0532482
10	0.0568868
11	0.0497575
12	0.068502
13	0.0689688
14	0.0498585
15	0.096324
16	0.0629174
17	0.061415
18	0.0558533
19	0.0548917
20	0.0882024
21	0.0746781
22	0.0849679
23	0.0456802
24	0.0789914
25	0.0754574
26	0.0625779
27	0.0496871
28	0.047511
29	0.0520944
30	0.0539126
31	0.0707964
32	0.0605897
33	0.0453207
34	0.046231
35	0.0383571
================== Frontier ==================
9178	524
9353	523
9679	522
9865	521
10116	520
10581	519
11101	518
11236	517
11240	516
11401	515
11506	514
11582	513
11945	512
12184	511
12407	510
12885	508
13004	507
13038	506
13136	505
13210	503
13414	502
13570	501
13930	500
14126	499
14213	498
14274	497
14315	496
14504	495
14687	493
14728	492
14929	491
14950	489
15243	488
15284	487
15781	486
15800	485
