Frontier size:	28
Weakly effici:	0
Total time:	4.07731
point	 time
0	0.103133
1	0.0822185
2	0.107682
3	0.115087
4	0.100958
5	0.157018
6	0.0686985
7	0.127975
8	0.0928544
9	0.116605
10	0.192563
11	0.113451
12	0.236838
13	0.1486
14	0.197686
15	0.0868801
16	0.131502
17	0.184465
18	0.233539
19	0.272506
20	0.175818
21	0.190155
22	0.0780677
23	0.0848887
24	0.256677
25	0.193226
26	0.0998978
27	0.114022
================== Frontier ==================
8531	527
8749	526
8937	525
9027	524
9275	523
9664	522
10076	521
10198	520
10416	519
10480	518
10738	517
10952	516
11293	515
11498	514
11684	513
11862	512
12184	511
12286	510
12345	509
12407	508
12540	507
12848	506
12950	505
12968	504
13378	502
13635	501
13947	500
14234	499
