Frontier size:	61
Weakly effici:	0
Total time:	4.91456
point	 time
0	0.0365646
1	0.0893343
2	0.0715287
3	0.0773459
4	0.102883
5	0.098817
6	0.0569899
7	0.0579126
8	0.0539156
9	0.0390379
10	0.0645126
11	0.0667432
12	0.0563951
13	0.0659916
14	0.0649406
15	0.0577964
16	0.0548498
17	0.0469433
18	0.0442436
19	0.0719906
20	0.0790765
21	0.0450935
22	0.054835
23	0.0539651
24	0.0822096
25	0.0727933
26	0.0682805
27	0.0506595
28	0.0517941
29	0.0851424
30	0.0560591
31	0.0637547
32	0.0592782
33	0.114775
34	0.0966812
35	0.26974
36	0.135562
37	0.0978198
38	0.136917
39	0.219843
40	0.149998
41	0.0822446
42	0.20927
43	0.0954351
44	0.0617549
45	0.0822032
46	0.0781789
47	0.0688437
48	0.0672611
49	0.0588508
50	0.0662578
51	0.0870474
52	0.050403
53	0.0550519
54	0.036002
55	0.0565914
56	0.113407
57	0.057103
58	0.0758649
59	0.0907828
60	0.0815292
================== Frontier ==================
8777	527
9759	526
10159	525
10480	524
10871	523
10974	522
11069	521
11321	520
11360	519
11458	518
12035	517
12454	516
12760	515
12953	514
13062	512
13194	511
13595	510
13794	509
13841	508
14320	507
14475	506
14773	505
15058	504
15287	503
15487	502
15550	501
15659	500
15842	499
16195	498
16507	497
16671	496
16734	495
16761	494
17091	493
17523	492
17622	491
17793	490
17996	489
18486	488
18495	487
18551	486
18597	485
18634	484
18728	483
18795	481
18918	480
19353	479
19380	478
19525	475
19810	474
19825	473
20199	472
20326	471
20409	469
20482	468
20545	466
20700	465
20763	464
20817	463
20824	461
20899	460
