Frontier size:	63
Weakly effici:	0
Total time:	14.3789
point	 time
0	0.16425
1	0.157622
2	0.0989063
3	0.239233
4	0.169733
5	0.201494
6	0.0812519
7	0.101859
8	0.102716
9	0.0886971
10	0.187446
11	0.125512
12	0.12651
13	0.141964
14	0.103262
15	0.0718098
16	0.0875018
17	0.10875
18	0.131132
19	0.159464
20	0.202586
21	0.17966
22	0.241243
23	0.0761078
24	0.0785098
25	0.103099
26	0.10981
27	0.122553
28	0.115795
29	0.134205
30	0.169422
31	0.0970759
32	0.142987
33	0.0882076
34	0.090171
35	0.269892
36	0.214713
37	0.227105
38	0.680574
39	0.52796
40	0.199304
41	0.684405
42	0.336412
43	0.264003
44	0.527885
45	0.136515
46	0.271068
47	0.543827
48	0.480367
49	0.705182
50	0.49188
51	0.407902
52	0.155363
53	0.418665
54	0.236008
55	0.241726
56	0.140112
57	0.169547
58	0.318962
59	0.220609
60	0.240929
61	0.535308
62	0.0939729
================== Frontier ==================
7654	528
8327	527
8601	526
9099	525
9164	524
9691	523
9808	522
10014	521
10068	520
10430	519
10694	518
10875	517
11322	516
11728	515
11734	514
11975	513
12301	512
12373	511
12695	510
12969	509
13391	508
13431	507
13754	506
13861	505
14005	504
14108	503
14234	502
14546	501
14705	500
14973	499
15039	498
15076	497
15309	496
15391	495
15485	494
15990	493
16164	492
16386	491
16453	490
16522	489
16585	488
16704	487
16819	486
16947	485
17038	484
17210	483
17615	482
17829	481
17857	480
17904	478
18029	477
18208	476
18260	475
18527	474
18809	473
18878	472
18928	471
18967	469
19108	468
19239	467
19245	466
19289	465
19395	464
