Frontier size:	128
Weakly effici:	1
Total time:	49.5243
point	 time
0	1.78316
1	2.38428
2	2.61893
3	3.24046
4	1.53643
5	1.19616
6	1.33334
7	1.06993
8	1.1196
9	0.569985
10	0.506266
11	0.500945
12	0.647071
13	0.779219
14	0.591069
15	0.707453
16	0.779564
17	0.449789
18	0.587688
19	0.895932
20	0.741255
21	0.773862
22	1.03921
23	0.494492
24	0.662503
25	0.550256
26	0.433935
27	0.393309
28	0.532206
29	0.364377
30	0.437517
31	0.294973
32	0.358538
33	0.247644
34	0.43705
35	0.304298
36	0.233065
37	0.193974
38	0.192184
39	0.260598
40	0.230022
41	0.355296
42	0.233543
43	0.229524
44	0.228769
45	0.297489
46	0.288416
47	0.203671
48	0.162269
49	0.239208
50	0.160224
51	0.151468
52	0.192047
53	0.273355
54	0.264152
55	0.314306
56	0.231147
57	0.25273
58	0.225111
59	0.127228
60	0.151568
61	0.229853
62	0.195958
63	0.193485
64	0.164595
65	0.149499
66	0.180444
67	0.203019
68	0.142597
69	0.142478
70	0.135191
71	0.137132
72	0.244673
73	0.204065
74	0.163852
75	0.299411
76	0.185428
77	0.20822
78	0.239303
79	0.235359
80	0.212426
81	0.3604
82	0.348309
83	0.347457
84	0.244626
85	0.140435
86	0.134159
87	0.278686
88	0.239097
89	0.199067
90	0.32326
91	0.289894
92	0.275153
93	0.357408
94	0.362432
95	0.428922
96	0.166238
97	0.138683
98	0.237457
99	0.201846
100	0.1425
101	0.137526
102	0.13984
103	0.107984
104	0.103602
105	0.0730169
106	0.0773518
107	0.127951
108	0.146473
109	0.0845043
110	0.0941982
111	0.0850946
112	0.0993996
113	0.14336
114	0.223203
115	0.126919
116	0.0984495
117	0.128566
118	0.131847
119	0.0811404
120	0.153105
121	0.0952973
122	0.0748009
123	0.071267
124	0.0842343
125	0.0630468
126	0.0697955
127	0.0812662
128	0.0717457
================== Frontier ==================
21103	434
21118	426
21237	423
21247	415
21294	411
21378	404
21395	403
21419	394
21420	385
21456	379
21492	376
21574	372
21627	371
21685	366
21705	365
21778	362
21807	360
21812	358
21842	354
22019	352
22070	349
22147	347
22200	336
22270	332
22390	327
22446	326
22461	324
22497	318
22593	312
22610	309
22730	299
22763	298
22810	297
22839	296
22940	294
23140	292
23175	288
23337	284
23358	281
23475	273
23494	265
23677	264
23706	257
23709	256
23716	255
23869	252
24060	248
24219	243
24313	242
24428	239
24428	237
24594	236
24640	234
24734	232
24807	230
24834	226
24919	222
25019	221
25022	218
25130	216
25229	215
25233	212
25245	211
25294	208
25389	207
25507	204
25569	203
25640	199
25778	196
25877	195
26026	191
26204	190
26312	188
26413	187
26546	186
26689	184
26731	181
26796	179
26910	178
27005	177
27115	174
27362	158
27375	157
27453	156
27495	151
27525	149
27585	147
27655	146
27677	142
27751	141
27988	139
28147	137
28154	134
28209	133
28342	132
28350	131
28354	129
28355	127
28476	126
28574	122
28755	118
28889	117
28928	114
29065	113
29231	112
29246	110
29262	107
29369	105
29497	102
29632	100
29685	98
29691	94
29743	92
29838	91
29874	89
30041	86
30140	83
30173	78
30330	77
30377	71
30598	70
30623	68
30638	62
30639	61
31013	59
31095	53
31169	49
31439	48
31581	45
