Frontier size:	332
Weakly effici:	1
Total time:	523.123
point	 time
0	1.6398
1	2.9052
2	2.13069
3	1.84509
4	1.87733
5	1.82037
6	1.1349
7	1.20154
8	0.72491
9	2.8519
10	1.34206
11	0.800784
12	0.885261
13	1.88109
14	1.38928
15	1.68245
16	2.0133
17	3.64727
18	4.76363
19	2.9765
20	1.95454
21	3.61802
22	2.19764
23	3.01833
24	2.89316
25	3.05997
26	4.00609
27	4.09966
28	2.76507
29	2.30465
30	1.76511
31	2.09963
32	4.03769
33	6.05689
34	3.94155
35	3.19347
36	3.22616
37	6.42287
38	4.58788
39	5.02747
40	4.48711
41	2.52448
42	3.89329
43	4.56335
44	3.52447
45	3.60526
46	4.29277
47	4.42124
48	3.90896
49	3.09123
50	3.10136
51	3.89245
52	2.83073
53	3.14001
54	3.87876
55	3.34936
56	4.11437
57	2.45607
58	1.54087
59	1.6219
60	1.19591
61	1.57808
62	2.67729
63	2.69702
64	2.29502
65	2.81751
66	2.36646
67	1.58754
68	2.54078
69	5.52166
70	4.83776
71	2.8182
72	4.38889
73	1.87368
74	3.005
75	2.77581
76	1.3986
77	2.06163
78	6.00443
79	2.51898
80	1.34076
81	1.07536
82	0.614874
83	0.877184
84	0.976069
85	1.32604
86	1.45817
87	2.10312
88	2.28642
89	1.4857
90	1.85534
91	1.02925
92	0.841999
93	0.988285
94	0.511314
95	1.37688
96	1.34269
97	1.01251
98	1.84891
99	0.981504
100	0.606359
101	0.908621
102	0.492766
103	0.365646
104	0.503754
105	0.389408
106	0.343006
107	0.329303
108	0.351023
109	0.633657
110	0.869314
111	0.602258
112	0.637552
113	0.301896
114	0.349567
115	0.32949
116	0.292433
117	0.398053
118	0.630386
119	0.656694
120	0.201957
121	0.306716
122	0.337026
123	0.313735
124	0.374418
125	0.662322
126	0.663123
127	0.89902
128	0.531713
129	0.524543
130	0.415563
131	0.522559
132	0.631655
133	0.412556
134	0.349579
135	0.743167
136	1.34252
137	0.451661
138	0.447939
139	0.503611
140	0.855684
141	0.67351
142	0.486499
143	0.673659
144	0.577294
145	0.526222
146	0.597005
147	0.97773
148	0.481861
149	1.12527
150	1.56523
151	0.903389
152	0.823451
153	1.26961
154	1.01656
155	0.892237
156	0.514387
157	0.828129
158	0.331449
159	0.247582
160	0.756055
161	0.813234
162	1.66998
163	2.46456
164	1.95181
165	2.02773
166	1.81154
167	1.75468
168	0.871544
169	1.2312
170	0.515362
171	0.415749
172	1.02973
173	0.45071
174	0.321574
175	0.665132
176	1.60726
177	1.27041
178	1.28038
179	0.802588
180	0.622242
181	0.513939
182	0.765959
183	0.495111
184	0.500482
185	0.681094
186	1.04833
187	0.420212
188	0.35496
189	0.305728
190	0.462676
191	0.713062
192	0.766654
193	1.33013
194	0.856883
195	1.65912
196	0.554456
197	1.00579
198	0.672192
199	0.61428
200	0.48298
201	0.508291
202	0.426375
203	0.384679
204	0.327593
205	0.420807
206	0.724309
207	0.602454
208	0.496026
209	0.432569
210	0.969482
211	0.621442
212	0.724779
213	0.480486
214	0.673311
215	0.348285
216	0.292427
217	0.293617
218	0.509585
219	0.234302
220	0.277867
221	0.334634
222	0.294426
223	0.400959
224	0.210375
225	0.169714
226	0.314617
227	0.691362
228	0.47455
229	0.201904
230	0.324408
231	0.305712
232	0.414845
233	0.461957
234	1.09893
235	0.535467
236	0.492852
237	0.674827
238	0.689269
239	0.763482
240	0.667388
241	0.233414
242	0.244971
243	0.280735
244	0.465479
245	0.556827
246	0.395647
247	0.508336
248	0.241
249	0.337284
250	0.700541
251	0.397927
252	0.944329
253	0.662591
254	0.879002
255	0.29187
256	0.36252
257	0.217283
258	0.229565
259	0.357734
260	0.41697
261	0.711189
262	1.05143
263	1.04343
264	0.64454
265	0.385261
266	0.305783
267	0.317218
268	0.6228
269	0.388362
270	0.445858
271	0.612414
272	0.751815
273	0.588281
274	0.648348
275	0.512383
276	0.458467
277	0.528616
278	0.570625
279	2.0025
280	2.86352
281	1.24064
282	1.37274
283	2.9183
284	2.52846
285	1.28146
286	1.44617
287	2.30279
288	0.868024
289	2.03817
290	2.32416
291	1.5167
292	1.81296
293	3.07213
294	2.39917
295	2.92954
296	2.82898
297	3.41836
298	2.63847
299	1.78443
300	2.63793
301	2.37403
302	1.97067
303	1.85984
304	1.26525
305	3.50417
306	3.00335
307	2.34525
308	3.03775
309	1.83092
310	2.71004
311	2.29626
312	2.88719
313	2.05306
314	2.92599
315	4.13837
316	3.09854
317	4.63389
318	3.83919
319	2.3592
320	3.62867
321	3.9682
322	3.34219
323	4.05017
324	2.72888
325	4.80142
326	3.1302
327	2.91021
328	4.56676
329	3.52987
330	4.49334
331	3.31572
332	4.14891
================== Frontier ==================
21103	911
21441	910
21958	909
22284	908
22675	907
23250	906
23518	905
23910	904
24393	903
24976	902
25179	901
25445	900
25644	899
25837	898
26295	897
26610	896
27148	895
27764	894
28033	893
28150	892
28207	891
28519	890
29053	889
29398	888
29583	887
29741	886
30203	885
30498	884
30723	883
30785	882
30976	881
31172	880
31642	879
32009	878
32264	877
32576	876
32880	875
33207	874
33248	873
33285	872
33493	871
33599	870
33926	869
34297	868
34535	867
34627	866
34867	865
34968	864
35251	863
35394	862
35661	861
35741	860
35843	859
36048	858
36284	857
36602	856
36914	855
36975	854
37182	853
37293	852
37333	851
37538	850
37945	849
38282	848
38310	847
38667	846
38917	845
39067	844
39554	843
40270	841
40374	840
40392	839
40608	838
40608	837
40809	836
40915	835
41042	834
41091	833
41727	832
41796	831
42043	830
42191	829
42247	828
42662	827
43002	826
43130	825
43435	824
43890	823
44027	822
44082	821
44603	820
44761	819
44855	818
45197	817
45259	816
45439	815
45771	814
46212	813
46411	812
46449	811
46493	810
46612	809
46904	808
47017	807
47359	806
47446	805
47463	804
47540	803
47842	802
48642	801
48833	800
49059	798
49348	797
49500	796
49606	795
49767	794
49938	793
50011	792
50366	791
50976	790
51124	789
51442	788
51807	787
51913	786
52252	785
52534	784
52826	783
53042	782
53179	781
53428	780
53659	779
53743	778
54051	777
54224	776
54270	775
54762	774
55060	773
55442	772
55620	771
55766	770
56073	769
56139	768
56347	767
56360	766
56789	765
56807	764
57296	763
57762	762
57834	761
58322	760
58487	759
58738	758
58814	757
58940	756
58987	755
59252	754
59496	753
59781	752
60140	751
60162	750
60692	749
60903	748
60983	746
61300	745
61347	744
61726	742
61986	741
62327	740
62632	739
62798	738
63254	737
63454	736
63717	735
63890	734
63895	733
64418	732
64739	731
64979	730
65266	729
65377	728
65445	727
65980	726
66005	725
66124	724
66439	723
66578	722
66726	721
66759	720
67177	719
67205	718
67835	717
67962	716
68233	715
68692	714
68932	713
69196	712
69367	711
69793	710
69960	709
70131	708
70349	707
70505	706
70886	705
70973	704
71247	703
71418	702
71485	701
71762	700
72019	699
72263	698
72385	697
72663	696
72803	695
72860	694
72978	693
73063	692
73428	691
73640	690
73712	689
73927	688
74082	687
74240	686
74384	685
74549	684
74922	683
75001	682
75349	681
75478	679
75867	678
75892	677
76036	676
76512	675
76809	674
77083	673
77352	672
77375	671
77666	670
77874	669
77996	668
78058	667
78137	666
78331	665
78471	664
78551	663
78836	662
78898	661
79152	660
79157	659
79459	658
79731	657
79858	656
80379	655
80550	654
80793	653
80839	652
81021	651
81441	650
81720	649
81929	648
82204	647
82421	646
82832	645
83110	644
83268	643
83434	642
83726	641
83940	640
84094	639
84685	638
84785	637
85025	636
85263	635
85376	633
85691	632
86281	631
86506	630
86767	629
87080	628
87382	627
88412	626
88609	625
88735	624
88995	623
89319	622
89786	620
89818	619
90211	617
90398	616
90560	615
90867	614
91049	613
91334	612
91497	611
91964	610
92063	608
92322	607
92445	606
92562	605
92681	604
92774	603
93151	602
93389	601
93429	599
93767	598
93799	597
94153	596
94368	593
94421	592
94665	591
94934	590
95088	589
95172	588
95232	587
95377	586
95486	585
95750	584
95829	582
96022	581
96130	580
96260	579
96384	578
96552	577
96923	576
97319	575
97339	574
97467	573
97585	570
97796	568
97950	567
98020	566
98022	565
98163	564
98378	563
