Frontier size:	24
Weakly effici:	1
Total time:	23.7365
point	 time
0	4.92256
1	1.78977
2	2.5824
3	2.79505
4	1.68129
5	1.89269
6	1.43094
7	1.59226
8	1.21583
9	1.26199
10	0.52716
11	0.461468
12	0.322803
13	0.216955
14	0.206328
15	0.217604
16	0.109388
17	0.0911281
18	0.0635286
19	0.0611987
20	0.0514086
21	0.0447537
22	0.0322005
23	0.0340129
24	0.0313246
================== Frontier ==================
26039	180
26044	178
26080	176
26203	159
26316	151
26370	149
26683	144
26705	142
26717	141
26730	134
26764	133
26771	129
26771	128
27627	125
27647	123
27849	122
28319	119
28794	116
28801	115
29046	110
29625	109
29633	106
30057	105
30081	99
30628	97
