Frontier size:	345
Weakly effici:	0
Total time:	1161.97
point	 time
0	4.84225
1	3.89557
2	5.22967
3	5.19175
4	10.0146
5	8.69469
6	6.43626
7	5.15059
8	6.51991
9	6.23144
10	3.75766
11	2.84247
12	6.03869
13	5.79113
14	3.10997
15	6.7519
16	4.01841
17	5.97178
18	4.93917
19	4.72862
20	5.26057
21	4.31805
22	4.76285
23	5.0848
24	4.10426
25	4.10339
26	7.09335
27	4.83583
28	4.12716
29	3.4738
30	6.95047
31	3.98849
32	5.2973
33	3.36685
34	1.7655
35	4.7406
36	2.66952
37	3.92227
38	4.1045
39	4.12026
40	2.90819
41	4.91505
42	2.75158
43	2.91993
44	4.33056
45	4.73649
46	4.50191
47	4.82151
48	2.53107
49	2.9756
50	2.20367
51	4.7362
52	5.13603
53	4.95698
54	6.08741
55	7.71063
56	5.03259
57	5.53286
58	5.35218
59	4.61498
60	6.25734
61	3.57797
62	5.03743
63	3.71103
64	2.7419
65	4.5812
66	4.65363
67	4.84387
68	4.57507
69	3.54993
70	3.97474
71	1.74754
72	2.15599
73	5.77453
74	5.27009
75	4.67458
76	4.84419
77	3.91168
78	4.57441
79	3.90579
80	3.78298
81	1.48462
82	4.18015
83	2.46381
84	1.78256
85	1.21175
86	2.45585
87	0.921224
88	2.05022
89	2.62195
90	2.41314
91	3.03494
92	0.651856
93	1.01505
94	1.45324
95	0.744167
96	0.503701
97	0.595381
98	0.208758
99	0.542604
100	0.760525
101	3.09778
102	1.75753
103	4.08087
104	2.10825
105	3.22875
106	3.16167
107	3.48574
108	3.83975
109	4.00015
110	5.28428
111	4.61438
112	3.9614
113	4.32699
114	4.6983
115	4.19614
116	3.27807
117	3.72392
118	4.29768
119	1.02195
120	1.11466
121	2.7997
122	4.58141
123	4.16984
124	4.51062
125	4.08864
126	3.69268
127	2.27947
128	1.43739
129	3.54497
130	3.89993
131	2.7317
132	2.03191
133	2.90696
134	4.33623
135	3.89752
136	2.63366
137	2.18967
138	1.48504
139	2.1695
140	2.85709
141	2.37853
142	2.84701
143	3.7778
144	3.22736
145	3.21213
146	3.75698
147	4.01882
148	3.16172
149	4.78769
150	4.87233
151	3.68399
152	4.46332
153	4.35671
154	3.3641
155	3.80467
156	3.83057
157	3.53334
158	4.23248
159	2.598
160	2.43843
161	1.50447
162	0.83993
163	1.5627
164	1.02987
165	2.43406
166	2.79461
167	3.84955
168	2.84602
169	1.61474
170	2.12398
171	4.81838
172	3.98011
173	4.86851
174	4.34475
175	3.25927
176	3.30821
177	4.7336
178	5.48782
179	1.958
180	2.87659
181	2.77759
182	3.62008
183	2.2683
184	2.57588
185	3.48297
186	3.54164
187	2.79828
188	2.71193
189	4.87111
190	3.75534
191	3.75671
192	3.11844
193	3.58197
194	3.71121
195	1.59676
196	4.55354
197	4.8322
198	3.79973
199	2.06337
200	3.25984
201	2.10514
202	2.2289
203	3.35027
204	3.16507
205	2.32413
206	2.22646
207	1.24789
208	1.12204
209	1.51356
210	1.48801
211	2.19422
212	3.21154
213	2.55843
214	2.56813
215	4.1376
216	1.50113
217	3.20653
218	3.38994
219	0.987203
220	1.58079
221	3.25316
222	1.30612
223	1.06331
224	4.47756
225	4.01828
226	3.01787
227	3.20351
228	3.34798
229	3.25011
230	3.01241
231	3.85561
232	4.03341
233	3.5135
234	4.69071
235	5.00653
236	4.08047
237	3.59892
238	3.91133
239	2.93182
240	2.34667
241	1.35108
242	2.82397
243	1.52735
244	1.17961
245	1.91246
246	1.84584
247	1.24576
248	3.30387
249	2.7459
250	3.62537
251	3.03129
252	3.01678
253	1.77115
254	2.25765
255	0.721638
256	2.73525
257	3.60225
258	4.50543
259	3.92934
260	4.26965
261	3.82472
262	3.11199
263	4.64885
264	4.11384
265	5.0305
266	3.53022
267	4.30766
268	3.45625
269	2.55927
270	1.83088
271	3.49856
272	4.09161
273	3.45032
274	2.81144
275	4.0527
276	4.17067
277	2.39858
278	3.41574
279	2.03804
280	3.68999
281	2.28397
282	2.59071
283	2.77941
284	2.6311
285	3.38027
286	3.3251
287	2.7323
288	2.13751
289	2.10946
290	2.52056
291	2.70974
292	2.89183
293	3.42774
294	4.43764
295	3.48113
296	3.60962
297	2.6143
298	4.09282
299	2.16445
300	3.21885
301	6.31418
302	2.82203
303	2.54943
304	3.42112
305	3.9163
306	2.45677
307	3.2045
308	2.3179
309	4.45185
310	1.68526
311	1.72333
312	2.84273
313	4.04765
314	3.29354
315	3.56891
316	3.03691
317	1.98003
318	3.61601
319	2.8917
320	6.64073
321	2.46305
322	3.17952
323	3.50039
324	3.45654
325	2.82755
326	4.11345
327	2.25518
328	1.69119
329	1.50719
330	2.53006
331	2.16478
332	2.04754
333	1.56037
334	1.38942
335	2.48424
336	3.43741
337	2.24109
338	3.26214
339	3.07987
340	2.74951
341	2.13661
342	4.32452
343	1.57211
344	2.89138
================== Frontier ==================
26039	911
26465	910
27139	909
27340	908
28018	907
28370	906
28997	905
29337	904
29613	903
29904	902
30459	901
30840	900
31452	899
31659	898
31898	897
32243	896
32669	895
32921	894
33113	893
33273	892
33590	891
33725	890
33872	889
33954	888
34352	887
34636	886
35127	885
35142	884
35441	883
35903	882
36260	881
36694	880
36994	879
37200	878
37209	877
37719	876
37948	875
38237	874
38348	873
38488	872
38626	871
38837	870
38848	869
39007	868
39335	867
39467	866
39483	865
39785	864
39954	863
39993	862
40079	861
40398	860
40697	859
40868	858
41289	857
41555	856
41722	855
41961	854
42129	853
42257	852
42479	851
42532	850
42880	849
42979	848
43051	847
43219	846
43334	845
43582	844
43850	843
43896	842
44194	841
44367	840
44498	839
44953	838
45406	837
45532	835
45576	834
45755	833
46123	832
46440	831
46670	829
46771	828
47123	827
47486	826
47582	825
47954	824
48487	823
48558	822
48759	821
48981	820
49268	819
49549	818
49948	817
50166	816
50538	815
50906	814
50917	813
51144	812
51477	811
51653	810
52124	809
52445	808
52533	807
52877	806
53086	805
53443	804
53672	803
53976	802
54214	801
54499	800
54707	798
55066	797
55214	796
55683	795
55963	794
56142	793
56252	792
56437	791
56617	790
56713	789
56895	788
57176	787
57432	786
57831	785
58184	784
58255	783
58457	782
58503	781
58533	780
58671	779
59274	778
59396	777
59569	776
59810	775
60109	774
60384	773
60632	772
60702	771
60739	770
60968	769
61252	768
61350	767
61596	766
61924	765
62143	764
62430	763
62762	762
63007	761
63356	760
63470	759
64096	758
64268	757
64664	756
64877	755
65090	754
65370	753
65593	752
66200	751
66500	750
66510	749
66636	748
66694	747
66721	746
67245	745
67322	744
67850	743
67905	742
68162	741
68483	740
68676	739
68768	738
69240	737
69395	736
69495	735
69600	734
69882	733
70315	732
70715	731
71169	730
71214	728
71374	727
71539	726
71741	725
72014	724
72132	723
72351	722
72638	721
72927	720
73146	719
73313	718
73581	717
73648	716
73982	715
74143	713
74478	712
74683	711
74934	710
75171	709
75441	708
75531	707
75782	706
75849	705
76088	704
76263	703
76606	702
76799	701
76965	700
77103	699
77137	698
77485	697
77746	696
78092	695
78767	694
79076	693
79228	692
79468	691
79533	690
79797	689
80019	688
80041	687
80335	685
80661	684
81023	683
81081	682
81659	681
81846	680
82183	679
82369	678
82618	677
82846	675
83150	674
83343	673
83560	672
83705	671
83982	670
84182	669
84288	668
84501	667
84545	666
84710	665
84832	664
84856	663
85342	662
85393	661
85455	660
85836	659
85943	658
86154	657
86536	655
87046	654
87479	653
87614	652
87657	651
87756	650
88036	649
88089	648
88745	647
88909	646
89288	645
89401	644
89629	643
89973	642
90021	641
90307	640
90682	639
90968	638
91153	637
91268	636
91318	635
91477	633
91685	632
92053	631
92283	630
92483	629
92547	628
92733	627
92948	626
93104	625
93203	624
93488	623
93765	622
93921	620
94424	619
94492	618
94643	617
94744	615
94749	614
94902	613
95004	612
95558	611
95630	610
95716	609
95921	608
95996	607
96555	606
96752	605
97061	604
97516	603
97829	602
97831	601
98055	600
98262	599
98348	598
98427	597
98729	596
98950	593
99090	592
99269	591
99327	590
99420	589
99512	587
99687	586
100259	585
100506	584
100517	583
100784	582
101043	581
101184	580
101524	579
101757	578
102037	577
102110	575
102268	574
102386	573
102515	572
102699	571
102770	570
102877	568
102895	567
102955	566
103049	564
103207	563
103255	561
103363	560
103417	559
103508	558
103568	557
103633	556
103781	555
103831	554
103850	553
103924	552
104038	551
104115	550
104351	549
