Frontier size:	29
Weakly effici:	1
Total time:	78.1066
point	 time
0	4.46321
1	2.64199
2	2.49858
3	6.71141
4	3.43061
5	2.65363
6	9.92505
7	18.1799
8	4.82629
9	4.50462
10	5.21652
11	2.71974
12	6.40576
13	0.829829
14	0.473229
15	0.559386
16	0.530607
17	0.439673
18	0.121304
19	0.250227
20	0.12714
21	0.134118
22	0.0695748
23	0.0669906
24	0.0437136
25	0.0427926
26	0.039489
27	0.0314856
28	0.0257148
29	0.0326934
================== Frontier ==================
37239	180
37245	178
37281	176
37450	159
37607	152
37628	151
37833	149
38357	148
38357	146
38362	145
38365	143
38464	142
38692	137
38776	133
38800	132
38808	129
39090	128
40927	125
40953	124
41038	123
41849	122
43019	119
44194	116
44201	115
45147	110
46425	109
46433	106
47557	105
47581	99
48828	97
