Frontier size:	40
Weakly effici:	0
Total time:	79.7713
point	 time
0	4.3784
1	2.00825
2	2.48342
3	2.11915
4	1.95488
5	2.5455
6	2.5756
7	3.27393
8	2.78486
9	2.49631
10	2.14836
11	1.86326
12	1.89639
13	2.51628
14	2.1027
15	2.99394
16	3.44266
17	2.9492
18	1.74413
19	3.65945
20	5.89312
21	3.05398
22	2.62242
23	1.63126
24	1.88644
25	1.76563
26	1.71903
27	4.13292
28	1.21673
29	0.788594
30	0.443763
31	0.71925
32	0.490577
33	0.405344
34	0.278983
35	0.272039
36	0.178428
37	0.0562553
38	0.0653249
39	0.0738654
================== Frontier ==================
37239	248
37240	234
37254	218
37258	206
37261	200
37284	189
37370	185
37448	182
37674	177
37761	173
37804	172
37808	171
37869	170
37934	168
38017	166
38019	165
38129	163
38174	162
38183	161
38782	160
38796	156
38880	155
39076	154
39177	153
39213	151
39497	149
39555	148
39767	147
39801	144
39814	142
41345	141
41464	138
41956	135
42107	132
42246	130
42257	129
43194	125
43635	124
43744	123
43767	122
