Frontier size:	279
Weakly effici:	0
Total time:	916.929
point	 time
0	4.19507
1	5.63374
2	5.27667
3	5.25074
4	7.11832
5	6.56084
6	5.17588
7	5.99334
8	7.18351
9	3.8435
10	3.66415
11	1.71031
12	2.47486
13	3.69187
14	4.02202
15	4.53251
16	4.98414
17	6.22631
18	6.28623
19	4.21448
20	5.75138
21	3.40647
22	4.07585
23	3.14978
24	1.37697
25	1.15495
26	0.782298
27	3.43688
28	1.60256
29	2.99284
30	2.20801
31	1.79317
32	2.54579
33	1.68917
34	1.60052
35	1.68356
36	1.85585
37	1.48588
38	2.1903
39	1.22216
40	1.85469
41	3.46164
42	3.41387
43	3.53856
44	3.4831
45	3.9488
46	2.45258
47	5.50352
48	5.78298
49	1.86872
50	1.83903
51	2.2803
52	3.21556
53	3.10992
54	2.49637
55	6.2941
56	5.35213
57	3.60696
58	4.68046
59	3.08862
60	3.32801
61	1.75096
62	1.3352
63	1.38425
64	1.76064
65	3.9572
66	5.45473
67	3.51961
68	5.22259
69	4.97829
70	1.85621
71	2.68998
72	2.27192
73	4.32637
74	4.99363
75	3.73776
76	3.58383
77	4.89447
78	2.80745
79	4.26264
80	1.81652
81	2.55363
82	6.06723
83	2.87584
84	3.66638
85	4.79057
86	6.05508
87	6.1516
88	4.95527
89	6.10038
90	6.44097
91	3.34158
92	5.40017
93	5.08347
94	2.3657
95	3.82063
96	3.11358
97	6.82018
98	3.36692
99	5.48083
100	4.12727
101	4.34796
102	2.19465
103	4.8448
104	4.23486
105	3.81472
106	1.70463
107	3.33015
108	3.62203
109	2.91286
110	3.61573
111	1.45192
112	1.63463
113	0.485148
114	2.16502
115	3.88357
116	4.36275
117	3.68728
118	3.47215
119	2.01162
120	1.59152
121	2.57592
122	4.00943
123	2.99066
124	2.0591
125	0.848368
126	0.856656
127	3.4042
128	2.47044
129	2.8311
130	3.33318
131	1.37737
132	3.50531
133	5.11975
134	1.70525
135	0.71134
136	2.69869
137	3.17744
138	4.44098
139	1.74327
140	0.652227
141	0.957529
142	1.02203
143	0.686155
144	1.06663
145	4.31286
146	2.97966
147	1.66462
148	2.23829
149	3.34613
150	3.0105
151	5.489
152	4.33901
153	3.40695
154	2.59898
155	3.20338
156	2.58337
157	3.41166
158	1.67486
159	1.06499
160	0.781106
161	0.952195
162	1.22492
163	1.04554
164	3.60529
165	2.84983
166	3.09146
167	2.79582
168	3.52025
169	3.57403
170	4.76272
171	2.10497
172	3.67625
173	3.44343
174	1.44512
175	1.19392
176	0.790958
177	3.3976
178	1.69716
179	2.90762
180	3.05678
181	0.91751
182	1.49698
183	2.23755
184	1.31015
185	1.493
186	1.19458
187	0.827914
188	1.27913
189	1.24333
190	1.85282
191	0.859781
192	1.19332
193	3.62784
194	2.376
195	1.35561
196	1.8351
197	4.09268
198	2.33181
199	1.64156
200	2.2287
201	2.64936
202	2.94265
203	2.78776
204	3.08284
205	2.38365
206	1.4527
207	2.35089
208	2.8532
209	2.21049
210	4.12773
211	3.29333
212	2.95897
213	3.39481
214	2.6794
215	3.94771
216	4.1178
217	4.65836
218	4.03651
219	5.31183
220	3.49593
221	2.51418
222	4.1495
223	2.48604
224	4.97354
225	4.34859
226	4.04712
227	4.10804
228	5.00552
229	2.89256
230	2.89489
231	2.23165
232	4.34129
233	6.06181
234	3.56094
235	2.82473
236	2.42104
237	1.87692
238	2.99105
239	3.14718
240	4.21292
241	4.29162
242	3.78913
243	5.65943
244	5.92789
245	3.81549
246	4.10798
247	2.73526
248	6.27431
249	4.68534
250	3.70631
251	5.58542
252	4.31924
253	2.985
254	2.52602
255	3.96346
256	2.81955
257	4.23263
258	3.07304
259	5.11513
260	3.79471
261	3.56566
262	2.22293
263	3.13751
264	3.02492
265	3.44936
266	4.17869
267	6.35075
268	5.89378
269	3.73956
270	3.88821
271	2.71329
272	2.22273
273	5.0172
274	2.24596
275	8.62068
276	4.17973
277	4.96121
278	3.68556
================== Frontier ==================
37239	911
38014	910
38226	909
38635	908
39444	907
40071	906
40614	905
40882	904
41325	903
41444	902
41667	901
41743	900
42157	899
42474	898
42873	897
43228	896
43606	895
44057	894
44240	893
44311	892
44534	891
44982	890
45104	889
45452	888
45714	887
45922	886
45928	885
46264	884
46330	883
46592	882
46766	881
46881	880
46947	879
47145	878
47315	877
47491	876
47661	875
47777	874
48131	873
48246	872
48532	871
48689	870
49088	869
49430	868
49797	867
50243	866
50338	865
50456	864
50742	863
50855	862
51157	861
51408	860
51710	859
51868	858
52015	857
52267	856
52513	855
52599	854
52826	853
52977	852
53258	851
53421	850
53611	849
53772	848
54216	847
54588	846
54865	845
54904	844
55020	843
55575	842
55651	841
55813	840
56162	839
56654	838
56878	837
57379	836
57615	835
57918	834
58013	833
58520	832
58718	831
58983	830
59234	829
59362	828
59533	827
59690	826
59995	825
60206	824
60367	823
60673	822
60838	821
60934	820
61295	819
61633	818
61635	817
61927	816
62095	815
62534	814
62597	813
62720	812
62887	811
63037	810
63210	809
63705	807
64045	806
64190	805
64234	804
64309	803
64466	802
64888	801
65079	800
65319	799
65781	798
65949	797
66297	796
66850	795
67002	794
67070	793
67277	792
67529	791
67696	790
68061	789
68336	788
68529	787
68810	786
68829	785
68890	784
69341	783
69594	781
69752	780
69942	779
70053	778
70385	777
70735	776
70927	775
70981	774
71294	773
71713	772
71857	771
72057	770
72173	769
72559	768
72710	767
72713	766
73096	765
73445	764
73611	763
73716	762
74015	761
74246	760
74402	759
74552	758
74937	757
75028	756
75262	755
75425	754
75701	753
75927	752
76019	751
76144	750
76294	749
76469	748
76623	747
76964	746
77377	745
77666	744
77965	743
78255	742
78568	741
78738	740
79030	739
79164	738
79426	737
79756	736
79822	735
79937	734
80256	733
80597	732
80845	730
81259	729
81544	728
81634	727
81941	726
82282	725
82421	724
82470	722
82741	721
83023	720
83319	719
83790	718
84036	717
84143	716
84379	715
84742	714
84933	713
85067	712
85267	711
85655	710
85760	709
86053	708
86343	707
86660	706
86864	705
86956	704
87152	703
87210	702
87300	701
87653	700
87957	699
88323	698
88688	697
88842	696
89197	695
89313	694
89393	693
89675	692
90332	691
90473	690
90548	689
90763	688
91294	687
91399	686
91646	685
91908	684
91957	683
92281	682
92404	681
92431	680
92700	679
92780	678
92917	677
93131	676
93546	675
94032	674
94284	673
94399	672
94463	671
94472	670
94608	669
94813	668
94890	667
94982	666
95280	665
95371	664
95534	663
95694	662
96397	661
96487	660
97045	659
97149	658
97281	657
97551	656
97738	655
97773	654
97841	653
98092	652
98356	651
98442	650
98631	649
98945	648
99111	647
99360	646
99548	645
99998	644
100267	643
100397	642
100685	641
101021	640
101251	639
101369	638
101542	637
101635	636
101706	635
101960	634
102148	633
102447	632
102641	631
102682	628
102871	627
