Frontier size:	35
Weakly effici:	0
Total time:	17.8389
point	 time
0	1.50982
1	0.649715
2	0.888641
3	1.97823
4	1.18069
5	2.98908
6	1.01152
7	1.15522
8	1.30352
9	0.448475
10	0.540989
11	0.429731
12	0.370387
13	0.380959
14	0.250268
15	0.253511
16	0.170288
17	0.221206
18	0.295438
19	0.170953
20	0.192131
21	0.172509
22	0.177443
23	0.267333
24	0.0814719
25	0.108317
26	0.115587
27	0.0951774
28	0.0558857
29	0.0581139
30	0.040964
31	0.0414572
32	0.0342733
33	0.0316938
34	0.024483
================== Frontier ==================
27282	180
27297	177
27575	176
28524	173
28558	162
28921	159
29165	156
29301	151
29479	144
29486	143
29535	142
29550	141
29553	140
29562	137
29757	136
29766	134
30271	133
30282	131
30409	129
30420	128
31233	125
31359	124
31404	123
31985	122
32266	120
32314	119
32603	117
32619	115
33794	111
34027	110
34908	109
34916	106
35928	105
36754	99
37115	97
