Frontier size:	27
Weakly effici:	0
Total time:	31.7468
point	 time
0	1.51415
1	1.07188
2	2.35597
3	1.26219
4	1.30744
5	1.57169
6	3.642
7	1.29042
8	1.27504
9	0.969825
10	1.02066
11	2.17597
12	1.02164
13	1.29035
14	1.24739
15	1.20649
16	1.33094
17	1.15908
18	0.686407
19	1.03375
20	0.591576
21	0.517897
22	0.590803
23	0.444136
24	0.349637
25	0.397477
26	0.319858
================== Frontier ==================
27282	210
27377	193
27380	192
27400	186
27636	179
28120	177
28248	174
28625	172
28724	170
28734	169
28914	167
29303	157
29775	153
29848	152
29872	149
29884	148
29921	147
29944	146
30668	145
30672	143
30749	142
30941	140
31066	139
31422	138
31436	135
31470	134
31510	133
