Frontier size:	329
Weakly effici:	0
Total time:	668.564
point	 time
0	1.56415
1	2.59244
2	1.87117
3	2.27093
4	1.7323
5	1.77797
6	3.41382
7	2.0515
8	0.691236
9	1.72636
10	1.99052
11	3.29812
12	3.87402
13	4.11499
14	3.2125
15	1.47994
16	1.78486
17	1.03676
18	1.04813
19	2.19579
20	3.40179
21	4.4857
22	2.86567
23	5.72423
24	3.70405
25	5.1203
26	1.5905
27	3.06579
28	2.135
29	2.49868
30	3.85827
31	5.3054
32	3.93028
33	5.00416
34	6.35436
35	2.84683
36	2.92138
37	1.44282
38	1.06324
39	1.99708
40	1.96384
41	1.76164
42	1.14392
43	1.10977
44	0.818115
45	1.35664
46	0.845378
47	1.46185
48	1.67527
49	3.55823
50	2.84962
51	2.10852
52	1.66971
53	2.12895
54	5.13532
55	1.8063
56	1.66076
57	0.967593
58	1.32144
59	1.04419
60	1.25848
61	1.43386
62	0.918633
63	1.20132
64	0.526422
65	0.659706
66	1.56627
67	0.985919
68	0.745174
69	0.939942
70	0.858395
71	2.96376
72	0.845326
73	0.391808
74	1.34495
75	1.83935
76	2.71994
77	3.96123
78	1.71868
79	2.80644
80	3.43286
81	1.5137
82	2.83669
83	1.77748
84	1.48001
85	1.07333
86	2.46453
87	2.66691
88	2.12016
89	1.44549
90	4.21033
91	2.17724
92	2.97727
93	2.02361
94	1.94118
95	1.72958
96	2.80384
97	5.09859
98	4.52208
99	3.53249
100	2.66087
101	1.87263
102	1.96089
103	1.57081
104	1.48551
105	3.56774
106	1.82555
107	1.05159
108	1.4342
109	0.700723
110	1.00026
111	0.543561
112	0.579884
113	0.677638
114	0.746642
115	0.580544
116	0.514495
117	0.542925
118	0.772323
119	0.651967
120	1.0291
121	2.13027
122	2.55194
123	1.68207
124	1.95076
125	4.9692
126	5.3224
127	1.1609
128	3.2588
129	4.39774
130	3.61457
131	2.57805
132	2.57342
133	3.10106
134	1.93345
135	1.99828
136	1.82067
137	1.05163
138	1.48272
139	0.840909
140	0.691086
141	0.460887
142	0.405495
143	0.68255
144	1.77714
145	1.33144
146	0.658604
147	3.23873
148	3.44496
149	2.37834
150	3.44723
151	2.92395
152	3.58588
153	2.25513
154	7.87115
155	4.29189
156	3.69607
157	2.50278
158	4.9161
159	4.29558
160	4.60536
161	1.04616
162	0.755797
163	1.16664
164	2.71675
165	2.54278
166	3.06733
167	1.98452
168	4.16355
169	2.25304
170	2.29338
171	1.40835
172	0.649599
173	0.779792
174	0.6978
175	1.0212
176	0.960359
177	2.15674
178	1.51058
179	1.7278
180	1.27579
181	1.41295
182	0.668354
183	2.79121
184	0.887508
185	1.6823
186	2.11744
187	2.81648
188	2.44922
189	1.93033
190	4.7381
191	5.35386
192	4.43392
193	3.75742
194	2.67017
195	0.98237
196	1.24412
197	3.93158
198	4.25175
199	3.29162
200	2.78745
201	4.70502
202	3.44329
203	2.52429
204	1.87465
205	4.2018
206	3.96482
207	3.7816
208	4.87557
209	3.48602
210	3.12475
211	1.58552
212	0.710876
213	1.08283
214	1.16496
215	1.1461
216	0.739673
217	0.741721
218	0.570287
219	0.437747
220	0.572439
221	0.521496
222	0.519739
223	0.787859
224	0.452444
225	0.590173
226	0.659743
227	1.12274
228	2.06385
229	1.41908
230	0.87643
231	2.14414
232	0.609317
233	0.388457
234	0.553733
235	0.492579
236	2.20237
237	1.32062
238	1.37982
239	1.461
240	1.0974
241	0.734463
242	0.455284
243	0.217046
244	0.371075
245	0.896894
246	0.644225
247	0.829831
248	0.617992
249	0.149242
250	0.189528
251	0.435719
252	0.166252
253	0.312118
254	0.284762
255	0.496065
256	0.402102
257	0.465857
258	0.350706
259	0.250756
260	0.746211
261	0.581093
262	1.29984
263	1.23763
264	1.51999
265	0.673978
266	0.859433
267	1.28714
268	1.68727
269	0.605599
270	1.23088
271	1.15099
272	1.96128
273	2.93953
274	2.78269
275	2.11187
276	1.7206
277	1.52347
278	2.12866
279	2.57029
280	2.55377
281	2.14664
282	2.96854
283	1.16458
284	1.69394
285	0.79221
286	1.46372
287	1.13384
288	0.433086
289	1.8781
290	0.546017
291	1.61345
292	0.559013
293	2.21158
294	2.33436
295	1.0706
296	0.707533
297	1.41138
298	1.52645
299	1.78597
300	1.9371
301	2.80112
302	1.7748
303	0.880062
304	0.953532
305	1.96264
306	1.6932
307	1.14293
308	1.68425
309	2.43611
310	1.82944
311	3.27691
312	3.78895
313	2.89413
314	2.37947
315	3.37319
316	3.22064
317	2.7911
318	3.94794
319	1.8225
320	2.09361
321	1.69749
322	2.52179
323	1.65263
324	8.14719
325	4.85548
326	6.5036
327	3.58596
328	2.95977
================== Frontier ==================
27282	911
27597	910
28372	909
28696	908
29216	907
29583	906
30239	905
30469	904
30746	903
31412	902
31571	901
31841	900
32729	899
33049	898
33371	897
33441	896
33734	895
33838	894
33915	893
34076	892
34269	891
34479	890
34588	889
35069	888
35282	887
35365	886
35696	885
35924	883
36128	882
36259	881
36672	880
36951	879
37337	878
37413	877
37718	876
37866	875
38387	874
38494	872
38515	870
39141	869
39147	868
39271	867
39605	866
39916	865
40250	864
40651	863
40902	862
41134	861
41188	860
41491	859
41892	858
42059	857
42419	856
42685	855
43162	854
43709	853
43965	851
44008	850
44213	849
44372	848
44443	847
44674	846
44769	845
44981	844
45030	843
45088	842
45229	841
45634	840
45761	839
45902	838
45991	837
46218	836
46529	835
46623	834
46886	833
47369	832
47712	831
48129	830
48329	829
48782	828
48917	827
49026	826
49672	825
50101	824
50451	823
50516	822
51087	821
51114	820
51474	819
51484	818
51939	817
52010	816
52214	815
52378	813
52479	812
52600	811
52810	810
53002	809
53443	808
53630	807
53756	806
53942	805
54166	804
54313	803
54515	802
54737	801
55204	800
55302	799
55569	798
55673	797
55822	796
55954	795
56175	794
56339	793
56579	792
56595	791
56749	790
56858	789
57402	788
57411	787
57662	786
58004	785
58340	784
58386	783
58653	782
59414	781
59737	780
59923	779
60151	778
60470	777
60653	776
60785	775
60960	774
61077	773
61195	772
61415	771
61545	770
61757	769
62172	767
62370	766
62469	765
62725	764
62755	763
63134	762
63468	761
63763	760
64178	759
64982	758
65071	757
65632	756
66179	755
66622	754
66848	753
66961	752
67179	751
67494	750
67732	749
67936	748
68044	747
68152	746
68216	745
68320	744
68458	743
69121	742
69582	741
69647	740
69877	739
69959	738
70179	737
70338	736
70516	735
70853	734
70947	733
71151	732
71226	731
71358	730
71474	728
71793	727
72054	726
72162	725
72390	724
72633	723
72704	721
73516	720
73605	719
74237	718
74448	717
74589	716
74617	715
74912	714
75332	713
75696	712
76543	711
76732	710
76856	709
76904	708
76987	707
77298	706
77881	705
77940	704
78100	703
78340	701
78574	700
78860	698
78983	697
79352	696
79693	695
79920	693
80398	692
80683	691
81006	689
81309	688
81459	687
81697	686
81883	685
82015	683
82019	682
82216	681
82303	680
82324	679
82619	678
82924	677
83251	676
83532	675
83602	674
83765	673
83857	672
84380	671
85161	670
85422	666
85581	665
85860	664
86140	663
86530	662
86858	661
87533	660
87734	659
87842	658
87965	657
88082	656
88226	655
88619	654
88640	653
88907	652
89288	651
89631	650
89766	648
89934	646
90332	645
90583	644
90722	643
90909	642
90970	641
91054	640
91346	639
91596	638
91797	637
92145	636
92242	634
92328	633
93036	631
93200	630
93494	628
93648	627
93924	626
94046	625
94207	624
94290	623
94806	622
94906	620
95323	619
95586	618
95696	617
96083	616
96316	615
96593	614
96707	613
96798	612
97114	611
97227	610
97500	609
97638	608
97983	607
98277	606
98406	604
98569	603
98659	602
98754	601
98916	600
99053	599
99097	598
99511	597
99754	596
100012	595
100268	594
100294	593
100349	592
100658	591
100673	590
100902	589
101045	587
101308	586
101601	585
101649	584
101763	583
101827	580
102203	578
102252	576
102609	575
102809	574
103032	573
103247	572
103371	571
103666	570
103849	569
103978	568
104110	565
104263	564
104319	563
104372	562
104473	560
104967	559
105098	557
105428	556
105662	553
105740	552
105834	549
105908	548
106174	547
