Frontier size:	133
Weakly effici:	0
Total time:	9.42818
point	 time
0	0.0382918
1	0.0621678
2	0.0430837
3	0.0628954
4	0.0773141
5	0.0642606
6	0.0517933
7	0.039047
8	0.05013
9	0.0630163
10	0.107176
11	0.0449904
12	0.0673234
13	0.0623223
14	0.066201
15	0.0498412
16	0.102461
17	0.0605392
18	0.0557847
19	0.141008
20	0.0833435
21	0.0727543
22	0.0803627
23	0.0713698
24	0.0650593
25	0.0787237
26	0.0450491
27	0.148672
28	0.0737137
29	0.0516381
30	0.108483
31	0.0857954
32	0.114497
33	0.121804
34	0.175119
35	0.0730544
36	0.100996
37	0.0896399
38	0.0417298
39	0.0443879
40	0.0372532
41	0.0341101
42	0.0456443
43	0.0498956
44	0.0619665
45	0.0481116
46	0.0605625
47	0.0874312
48	0.0473304
49	0.0492993
50	0.0500234
51	0.0468215
52	0.0354922
53	0.0676263
54	0.0768822
55	0.0512992
56	0.0373853
57	0.0833775
58	0.0701257
59	0.116587
60	0.108929
61	0.0807333
62	0.0504787
63	0.0424725
64	0.0485894
65	0.0424858
66	0.0380856
67	0.0578466
68	0.0617446
69	0.0413385
70	0.0300249
71	0.0542008
72	0.0502447
73	0.0673694
74	0.109743
75	0.033577
76	0.0472756
77	0.0378181
78	0.156504
79	0.113362
80	0.166623
81	0.0875754
82	0.135463
83	0.103175
84	0.126574
85	0.092453
86	0.081876
87	0.112531
88	0.12662
89	0.0376722
90	0.103985
91	0.0895288
92	0.0839031
93	0.143822
94	0.0624437
95	0.0467814
96	0.0383725
97	0.0764794
98	0.0705135
99	0.0997366
100	0.0582314
101	0.0457256
102	0.0433681
103	0.110707
104	0.10267
105	0.109783
106	0.0646406
107	0.0480726
108	0.0538959
109	0.122647
110	0.170648
111	0.126316
112	0.049681
113	0.0602157
114	0.0514911
115	0.0833302
116	0.0439811
117	0.0561798
118	0.0584466
119	0.0592855
120	0.0474641
121	0.0350622
122	0.050257
123	0.0537177
124	0.0189696
125	0.0290402
126	0.0698574
127	0.0516403
128	0.0526253
129	0.0294841
130	0.0285213
131	0.0359083
132	0.0293605
================== Frontier ==================
8838	850
9009	848
9352	846
9552	844
9761	838
9989	837
10101	835
10421	834
10564	830
10804	829
11212	827
11309	824
11467	821
11737	820
11859	819
11861	818
12017	817
12294	815
12430	811
12497	807
12553	806
12714	805
12859	804
13247	802
13268	801
13385	797
13553	794
13857	787
13904	786
14019	784
14207	783
14407	782
14681	781
14729	779
15135	776
15347	774
15476	769
15740	765
15809	762
15928	760
16052	759
16169	757
16293	756
16455	755
16607	753
16760	750
16955	748
17075	747
17151	746
17418	743
17645	742
17787	740
17821	737
18052	735
18063	734
18333	733
18446	731
18709	730
18754	729
19083	727
19242	725
19415	723
19431	721
19440	714
19697	713
20010	711
20067	710
20225	705
20260	704
20488	701
20507	697
20845	696
21228	695
21341	691
21533	686
21586	679
21682	676
21771	673
22090	669
22115	667
22268	666
22321	663
22516	661
22774	658
22909	657
22962	654
23132	649
23256	645
23373	643
23578	641
23836	627
23904	622
23977	621
24196	609
24264	608
24403	601
24577	600
24673	598
24782	588
24871	584
25013	583
25152	579
25215	578
25534	574
25587	568
25740	566
25786	564
25923	553
26121	552
26338	550
26474	542
26611	532
26626	524
26689	523
26759	521
26812	505
26828	497
26975	466
27063	459
27243	357
27321	356
27328	316
27480	310
27505	302
27526	301
27558	300
27639	298
27651	281
27692	277
27823	259
28000	243
28015	239
28109	238
