Frontier size:	31
Weakly effici:	0
Total time:	3.047
point	 time
0	0.165785
1	0.139049
2	0.118734
3	0.116885
4	0.0980961
5	0.165772
6	0.148679
7	0.0939914
8	0.100101
9	0.111201
10	0.122054
11	0.110382
12	0.0976325
13	0.0993158
14	0.127918
15	0.0961019
16	0.0897281
17	0.0905119
18	0.0915251
19	0.0884353
20	0.0828699
21	0.0919981
22	0.0586179
23	0.069569
24	0.0463427
25	0.0444484
26	0.051072
27	0.0566803
28	0.0559793
29	0.0535761
30	0.0509586
================== Frontier ==================
20534	234
20604	217
20614	189
20633	185
20684	182
20873	178
20887	177
20921	173
20975	169
21026	168
21069	165
21148	163
21210	162
21211	161
21449	158
21700	157
21729	156
21737	155
21856	149
21881	148
21970	145
21974	142
22039	139
22062	135
22130	133
22249	132
22296	130
22299	129
22464	124
22579	123
22602	122
