Frontier size:	338
Weakly effici:	0
Total time:	249.224
point	 time
0	0.165145
1	0.422521
2	0.313598
3	0.29935
4	0.293947
5	0.327848
6	0.444295
7	0.325163
8	0.335085
9	0.476979
10	0.652728
11	0.474021
12	0.690424
13	0.400047
14	0.300158
15	0.276895
16	0.306839
17	0.682796
18	0.528612
19	0.649186
20	0.551589
21	0.539377
22	0.295837
23	0.408282
24	0.493604
25	0.788193
26	0.652696
27	0.568379
28	0.463553
29	0.429158
30	0.814847
31	1.24766
32	0.80375
33	0.902776
34	0.635748
35	1.23935
36	1.22688
37	1.17169
38	1.23012
39	0.666782
40	0.832468
41	0.994261
42	1.06883
43	1.22419
44	0.392827
45	0.731076
46	0.731717
47	0.744103
48	1.60153
49	0.783487
50	0.932368
51	0.58081
52	0.833229
53	0.407526
54	0.964276
55	0.830638
56	0.77413
57	0.620202
58	0.599166
59	0.961168
60	1.55082
61	0.976144
62	1.14003
63	0.991343
64	0.777392
65	0.888617
66	0.763836
67	0.958059
68	1.42455
69	1.03893
70	1.00824
71	2.38984
72	1.94862
73	2.69771
74	1.60563
75	1.25214
76	0.819855
77	1.06147
78	0.958236
79	1.7111
80	1.10379
81	0.873092
82	0.656199
83	1.13496
84	0.596815
85	0.76431
86	2.39
87	1.54882
88	1.16479
89	1.38289
90	0.511975
91	0.586405
92	0.717039
93	0.739654
94	0.494453
95	0.747656
96	0.428919
97	0.848764
98	0.661199
99	0.488993
100	0.345136
101	0.84144
102	0.810702
103	0.466036
104	0.6652
105	0.552249
106	0.464991
107	0.359584
108	0.291102
109	0.241607
110	0.265162
111	0.703869
112	0.462268
113	0.506305
114	0.393769
115	0.414871
116	0.421974
117	0.361253
118	0.870278
119	0.973114
120	0.845633
121	0.852118
122	0.974276
123	0.514187
124	0.414804
125	0.483162
126	0.730646
127	1.57796
128	0.973413
129	0.813907
130	1.38219
131	1.62896
132	0.775716
133	1.20026
134	0.894772
135	0.516394
136	0.557047
137	0.551343
138	0.892314
139	0.312414
140	0.390903
141	0.26113
142	0.267618
143	0.409033
144	0.32854
145	0.296197
146	0.257228
147	0.284474
148	0.758052
149	0.478514
150	0.951911
151	0.50071
152	0.994483
153	1.1051
154	0.453557
155	0.286115
156	0.533026
157	0.529499
158	0.693999
159	0.308645
160	0.200906
161	0.502915
162	0.392341
163	0.392946
164	0.312737
165	0.294387
166	0.327002
167	0.493819
168	0.220348
169	0.173192
170	0.135326
171	0.131388
172	0.160103
173	0.155393
174	0.150298
175	0.238654
176	0.478035
177	0.30132
178	0.30005
179	0.334466
180	0.279693
181	0.404696
182	0.251551
183	0.241353
184	0.198606
185	0.236271
186	0.185776
187	0.27521
188	0.185023
189	0.191223
190	0.152969
191	0.221873
192	0.191882
193	0.291021
194	0.24378
195	0.192965
196	0.168849
197	0.166936
198	0.132452
199	0.163931
200	0.190936
201	0.164999
202	0.226481
203	0.196464
204	0.261827
205	0.309701
206	0.200768
207	0.229195
208	0.299695
209	0.244467
210	0.171892
211	0.308168
212	0.217851
213	0.377196
214	0.629595
215	0.372627
216	0.286837
217	0.304079
218	0.430971
219	0.316146
220	0.412475
221	0.397301
222	0.364638
223	1.19213
224	0.569054
225	0.524782
226	0.351057
227	0.285727
228	0.689745
229	0.554257
230	0.418469
231	0.449727
232	0.283389
233	0.438995
234	0.517253
235	0.315844
236	0.409773
237	0.523453
238	0.274257
239	0.201255
240	0.218604
241	0.300869
242	0.366986
243	0.425027
244	0.258113
245	0.235423
246	0.206013
247	0.251272
248	0.234394
249	0.531757
250	0.233478
251	0.329905
252	0.295353
253	0.307688
254	0.272864
255	0.367658
256	1.18797
257	0.767817
258	0.901636
259	0.700052
260	0.478355
261	0.75001
262	0.488429
263	0.336243
264	0.256313
265	0.375344
266	0.635643
267	0.475373
268	0.327929
269	0.540954
270	0.884811
271	0.643263
272	1.04171
273	1.94401
274	1.07303
275	0.668372
276	0.858091
277	0.450335
278	1.29758
279	1.3516
280	0.85882
281	1.3807
282	1.5651
283	1.06582
284	1.26525
285	0.954808
286	0.966091
287	0.778584
288	0.995174
289	1.91761
290	1.53915
291	1.50698
292	1.79777
293	1.37679
294	2.40816
295	1.80909
296	2.52558
297	1.60235
298	1.0715
299	1.96702
300	1.67889
301	1.54935
302	1.7444
303	1.47826
304	1.1647
305	1.26902
306	0.457698
307	0.48286
308	0.470803
309	0.331976
310	0.727507
311	0.522229
312	0.374524
313	0.43837
314	0.270078
315	0.416833
316	0.349658
317	0.434878
318	0.617436
319	2.07802
320	2.00616
321	1.29534
322	1.03565
323	0.931975
324	0.746205
325	1.04178
326	1.32999
327	1.45681
328	1.96436
329	3.02246
330	1.7202
331	0.980897
332	2.87783
333	2.27716
334	2.22116
335	2.77123
336	2.91765
337	2.14622
================== Frontier ==================
20534	911
21186	910
21686	909
22127	908
22325	907
22670	906
23308	905
23802	904
24210	903
24815	902
25209	901
25580	900
25897	899
26019	898
26308	897
26370	896
26910	895
27255	894
27372	893
27799	892
27972	891
28171	890
28282	889
28710	888
28773	887
29194	886
29417	885
29528	884
29822	883
30022	882
30406	881
30804	880
30979	879
31324	878
31487	877
31910	876
32330	875
32532	874
32892	873
32901	872
33161	871
33205	870
33356	869
33760	868
33878	867
34072	866
34077	865
34372	864
34835	863
34959	862
35183	860
35306	859
35564	858
35835	857
36278	856
36413	855
36600	854
36839	853
37215	852
37330	851
37636	850
37848	849
38037	848
38187	847
38597	846
38618	845
38855	844
38969	843
39460	842
39547	841
39953	840
40491	839
40696	838
40783	837
40840	836
41055	835
41110	834
41260	833
41631	832
41924	831
42113	830
42470	829
42601	828
42635	827
42820	826
43201	825
43641	824
43703	822
43995	821
44223	820
44533	819
44813	817
45074	816
45138	815
45371	814
45698	813
45834	812
46135	811
46410	810
46593	809
46757	808
47035	807
47147	806
47472	805
47626	804
47652	803
47888	802
48007	801
48061	799
48081	798
48438	797
49030	796
49375	795
49466	794
49816	793
50150	792
50556	791
50665	790
51200	789
51733	788
51975	787
52230	786
52437	785
52730	784
52838	783
53100	782
53493	781
53946	780
54175	779
54291	778
54632	777
55102	776
55252	775
55699	774
55779	773
55881	772
55932	771
56130	770
56458	769
56582	768
56847	767
57010	766
57277	765
57518	764
57613	763
57696	762
57907	761
58446	760
58743	759
58980	758
59155	757
59345	756
59901	755
60094	754
60326	753
60445	752
60809	751
60997	750
61156	749
61221	748
61253	747
61770	746
61971	745
62150	744
62341	743
62444	742
62760	741
62984	740
63126	739
63327	738
63443	737
63788	736
63889	735
64350	734
64449	733
64767	732
64919	731
65081	730
65203	729
65237	728
65255	727
65736	726
65878	725
66052	724
66180	722
66359	721
66898	720
66923	719
67066	718
67315	717
67413	716
67873	715
68037	714
68518	713
68519	712
68584	710
68653	709
68806	708
68925	707
69039	706
69420	705
69967	704
70353	703
70462	702
70592	701
70643	700
71196	699
71278	698
71393	697
71824	696
71865	695
72456	694
72734	693
73132	692
73647	691
73712	689
74044	688
74160	687
74451	686
74597	685
74797	684
74913	683
75051	682
75563	681
75827	680
75944	679
76008	678
76104	677
76378	676
76577	675
77059	674
77126	673
77283	672
77397	671
77630	670
77660	669
77855	668
78039	667
78205	666
78423	665
78626	664
78911	663
79221	662
79852	661
80100	660
80166	659
80263	658
80750	657
80849	656
81235	655
81380	654
81486	653
81905	652
81964	651
82155	650
82392	649
83069	648
83179	647
83257	646
83375	645
83757	644
84058	643
84449	642
84474	641
84733	640
84957	639
85070	638
85345	637
85391	636
85514	635
85810	634
85896	633
86303	632
86422	631
86642	630
86754	629
87025	628
87077	627
87434	626
87513	625
87631	624
88495	623
88853	622
88973	621
89399	620
89626	618
89907	617
89946	616
90107	615
90430	614
90478	613
90751	611
90779	610
90808	609
91060	608
91224	607
91325	606
91431	605
91469	604
91678	603
92048	602
92176	601
92613	600
92756	599
92855	598
93047	597
93326	596
93417	595
93499	594
93729	593
93895	592
93998	591
94078	590
94097	589
94245	588
94493	587
94589	586
94790	585
95156	584
95479	583
95766	582
95838	581
95978	580
96175	579
96295	578
96584	577
97248	576
97402	575
97548	573
97677	572
97826	570
97978	569
98253	568
98283	567
98378	565
98500	564
98668	562
98709	561
