Frontier size:	20
Weakly effici:	0
Total time:	2.30871
point	 time
0	0.322203
1	0.495424
2	0.14739
3	0.120052
4	0.255071
5	0.0766271
6	0.0699695
7	0.122521
8	0.125811
9	0.0771692
10	0.0667015
11	0.0587742
12	0.0510817
13	0.0519988
14	0.0442948
15	0.0336079
16	0.0296582
17	0.0201944
18	0.0306734
19	0.0287528
================== Frontier ==================
24454	177
24670	176
24717	164
24724	163
24830	159
25060	151
25284	149
25753	143
25957	137
26014	129
26361	128
27343	123
27427	122
27950	120
28182	115
28397	110
28975	106
29399	105
29970	99
30522	97
