Frontier size:	120
Weakly effici:	1
Total time:	143.233
point	 time
0	0.329392
1	0.205477
2	0.244774
3	0.267451
4	0.242706
5	0.396487
6	0.425957
7	0.349838
8	0.391898
9	0.482039
10	0.484659
11	0.79825
12	0.813081
13	0.899548
14	0.917302
15	0.721488
16	0.845506
17	0.886664
18	0.904041
19	0.79503
20	1.17366
21	0.851349
22	0.968318
23	0.940006
24	0.770918
25	0.453622
26	0.793507
27	0.506082
28	0.835992
29	0.602498
30	1.20588
31	0.751096
32	1.1066
33	1.58892
34	2.79361
35	3.28425
36	6.15636
37	2.72182
38	2.91695
39	2.28424
40	1.55771
41	1.99713
42	1.02735
43	1.29745
44	1.53539
45	2.26509
46	3.02872
47	1.86519
48	1.47954
49	1.18454
50	0.615254
51	1.1887
52	1.80118
53	1.75657
54	0.739566
55	1.31315
56	2.35994
57	2.64903
58	3.36085
59	3.43696
60	2.31669
61	2.69902
62	1.34837
63	1.11643
64	0.956089
65	1.85508
66	1.8437
67	1.37361
68	1.10149
69	0.980035
70	1.15383
71	1.52552
72	1.79151
73	0.884776
74	1.77949
75	1.64722
76	2.61131
77	2.20077
78	1.07435
79	1.34024
80	1.20904
81	0.978004
82	1.03409
83	1.16857
84	1.16484
85	1.10002
86	0.838548
87	0.469399
88	0.557073
89	0.951558
90	0.519262
91	0.64257
92	0.484645
93	0.767384
94	0.627916
95	0.601706
96	0.492025
97	0.971529
98	0.946572
99	1.21693
100	1.38189
101	1.02047
102	1.29974
103	0.844601
104	0.643682
105	1.08361
106	0.519648
107	0.630879
108	1.18596
109	0.952535
110	0.541875
111	0.489515
112	0.516864
113	0.466322
114	0.557421
115	0.372369
116	0.300786
117	0.22545
118	0.230016
119	0.239463
120	0.473165
================== Frontier ==================
24454	479
24463	478
24470	475
24563	458
24585	447
24704	441
24905	437
24981	435
25039	430
25083	428
25194	418
25292	408
25338	404
25344	402
25420	401
25501	399
25642	395
25752	391
25782	389
25793	387
25807	384
25938	383
26039	382
26087	380
26095	373
26180	372
26311	369
26398	368
26549	366
26724	365
26848	364
26868	358
26980	353
27257	346
27491	345
27680	344
27785	338
27822	335
27997	333
28032	332
28049	329
28118	320
28137	317
28189	315
28304	312
28425	309
28425	308
28527	302
28689	300
28735	293
28736	291
28953	288
29077	287
29150	286
29283	284
29463	283
29502	279
29520	278
29769	277
29827	273
29853	272
30013	261
30034	260
30079	254
30141	251
30233	249
30306	246
30398	243
30412	242
30442	241
30511	237
30709	233
30744	231
30773	230
30797	228
30881	224
31029	223
31048	219
31049	218
31185	216
31221	213
31222	212
31328	209
31355	207
31494	203
31541	191
31612	189
31726	184
31912	182
32105	180
32139	178
32349	176
32399	175
32590	174
32649	173
32941	171
33049	168
33350	163
33380	162
33428	157
33575	155
33631	152
33750	145
33879	143
33987	140
34128	138
34232	136
34762	135
34905	133
35159	130
35228	128
35402	123
36013	122
36093	119
36130	116
36217	115
36231	113
36277	110
36291	108
36412	107
36557	106
