Frontier size:	309
Weakly effici:	1
Total time:	1166.33
point	 time
0	0.314856
1	0.547126
2	0.360995
3	0.429634
4	1.23166
5	1.78534
6	2.33162
7	2.23908
8	3.9784
9	1.50562
10	4.14246
11	1.58523
12	1.39333
13	1.64975
14	1.82994
15	2.09213
16	4.66684
17	2.03515
18	8.35624
19	8.48333
20	6.38882
21	6.15267
22	8.58215
23	6.59806
24	7.9422
25	10.5332
26	7.69446
27	6.75583
28	7.18455
29	4.02596
30	10.3652
31	8.4752
32	8.26722
33	14.6693
34	9.40095
35	5.29908
36	10.1365
37	4.18245
38	4.41002
39	7.35589
40	3.66744
41	4.98908
42	5.08273
43	6.35533
44	8.86768
45	6.68144
46	6.19316
47	5.49137
48	5.44391
49	5.27307
50	7.2177
51	6.85743
52	7.50064
53	5.82886
54	7.08441
55	8.39655
56	4.55059
57	9.84183
58	9.36577
59	8.75224
60	8.97882
61	8.76902
62	9.07599
63	7.50282
64	5.19215
65	8.71784
66	3.41264
67	3.6704
68	4.2016
69	3.36248
70	6.29364
71	3.65296
72	1.58574
73	3.38566
74	3.59799
75	3.47676
76	7.464
77	4.62096
78	4.57866
79	7.04484
80	7.52699
81	3.67391
82	5.92931
83	5.47927
84	4.11253
85	4.08301
86	5.18745
87	9.04558
88	7.718
89	7.67674
90	7.03895
91	4.75965
92	4.39523
93	7.5461
94	3.99502
95	3.67128
96	3.40758
97	6.32498
98	2.46934
99	3.37435
100	1.82746
101	1.78433
102	1.58204
103	1.83126
104	2.33084
105	1.5263
106	1.41871
107	0.722896
108	0.81343
109	0.802983
110	1.19155
111	1.58204
112	4.47212
113	2.79465
114	1.83811
115	1.42583
116	3.40821
117	3.96329
118	4.29388
119	2.67157
120	2.75899
121	1.80272
122	0.839984
123	0.69406
124	0.606473
125	0.579435
126	0.617237
127	0.702705
128	0.746859
129	0.721264
130	0.79898
131	0.567856
132	0.739162
133	0.876626
134	0.725906
135	0.634874
136	0.640552
137	0.855664
138	0.846992
139	0.591583
140	0.811505
141	0.428684
142	0.61389
143	0.399047
144	0.529451
145	0.808268
146	0.791168
147	0.876013
148	0.670772
149	0.800155
150	0.823859
151	0.588601
152	0.524916
153	0.501703
154	0.559045
155	0.57301
156	1.19783
157	1.38427
158	1.13278
159	1.65818
160	1.73359
161	1.59804
162	2.01673
163	1.48421
164	1.69348
165	1.91981
166	1.09595
167	1.79792
168	0.890368
169	0.809322
170	0.838046
171	0.859629
172	1.1915
173	0.875308
174	0.817165
175	0.748399
176	1.56622
177	1.81727
178	1.16678
179	2.16238
180	1.42918
181	4.14933
182	3.26925
183	3.31152
184	4.00379
185	4.2412
186	3.15265
187	2.14453
188	2.13323
189	3.5735
190	2.94488
191	3.43798
192	3.10139
193	4.50082
194	3.65506
195	3.60913
196	3.80418
197	2.76758
198	4.50737
199	5.68169
200	3.33765
201	4.13895
202	4.41258
203	4.25792
204	4.61331
205	3.65272
206	3.89816
207	5.06189
208	3.86889
209	3.44464
210	4.40598
211	2.91402
212	4.07794
213	4.16144
214	4.6131
215	4.70833
216	4.41426
217	6.63573
218	5.42627
219	3.86905
220	5.65151
221	3.59488
222	3.33906
223	6.62915
224	5.72825
225	3.53086
226	5.47394
227	5.91066
228	4.93678
229	6.92201
230	5.6591
231	6.02548
232	4.22962
233	5.76929
234	4.5293
235	6.62711
236	4.51955
237	6.23096
238	5.8745
239	5.50987
240	5.99068
241	5.73126
242	5.46414
243	4.5663
244	4.78394
245	4.82131
246	4.35643
247	4.23834
248	4.66324
249	5.76402
250	4.38755
251	3.85137
252	5.52866
253	3.90898
254	5.06024
255	3.44867
256	4.71568
257	2.95708
258	4.55378
259	4.62846
260	2.52474
261	4.91167
262	3.19817
263	4.74066
264	5.9198
265	5.13163
266	3.18855
267	5.03662
268	4.27726
269	4.92959
270	4.57418
271	4.36671
272	4.80546
273	5.31374
274	4.26837
275	4.08351
276	3.12284
277	4.65393
278	4.49014
279	3.43118
280	4.38389
281	3.3931
282	1.79553
283	2.51055
284	2.23601
285	2.09567
286	1.85834
287	1.58127
288	1.61352
289	1.9201
290	2.32478
291	1.44841
292	1.34846
293	1.24081
294	2.23392
295	1.16528
296	0.491709
297	0.904434
298	1.80451
299	1.23295
300	1.12994
301	3.07744
302	2.36489
303	3.25205
304	2.88266
305	2.32147
306	2.38989
307	3.4047
308	3.78962
309	3.89352
================== Frontier ==================
24454	911
24935	910
25162	909
25848	908
26225	907
26643	906
27290	905
27593	904
28000	903
28019	902
28338	901
28461	900
28695	899
29037	898
29200	897
29771	896
30325	895
30789	894
31261	893
31554	892
31695	891
32224	890
32426	889
32537	888
32737	887
32872	886
33281	885
33365	884
33614	883
33693	882
34122	881
34689	880
35105	879
35289	878
35378	877
35442	876
35617	875
35692	874
35805	873
35986	872
36009	871
36227	870
36694	869
37132	868
37183	867
37374	866
37529	865
37763	864
38087	863
38208	862
38670	861
38745	860
38970	859
39361	858
39570	857
39652	856
39904	855
40119	854
40301	853
40527	852
40637	851
40879	850
41024	849
41202	848
41504	847
42029	845
42209	844
42367	843
42454	842
42536	841
42809	840
43193	839
43282	838
43395	837
43736	836
44002	835
44218	834
44518	833
44589	832
45175	831
45486	830
45687	829
45937	828
46036	827
46078	826
46307	825
46483	824
46932	823
47354	822
47444	821
47665	820
47894	819
48128	818
48315	817
48637	816
48660	815
48862	814
49046	813
49047	812
49401	811
49684	810
49891	809
50281	808
50426	807
50652	806
50823	805
51215	804
51241	803
51383	802
51880	801
52029	800
52410	799
52835	798
53275	797
53405	796
53503	795
54110	794
54299	793
54375	792
54491	789
54757	788
54795	787
55008	786
55216	785
55299	784
55447	783
55666	782
55741	781
56286	780
56315	779
56641	778
56686	777
56828	776
57007	775
57151	774
57367	773
57661	772
57984	771
58253	770
58413	769
58586	768
58731	767
58826	766
59105	765
59264	764
59829	763
60239	762
60320	761
60503	760
61136	759
61241	758
61506	757
61749	756
61905	755
62327	754
62488	753
62603	752
62836	751
62941	750
63446	749
63713	748
63966	747
64251	746
64394	745
64509	744
64712	743
64828	742
65049	741
65143	740
65307	739
65822	738
66143	737
66386	736
66569	735
66935	734
67535	733
67803	732
68442	731
68460	730
68778	729
69043	728
69639	727
70050	726
70337	725
70550	724
70727	723
70954	722
70954	721
71022	720
71187	719
71416	718
71521	717
72021	716
72253	715
72417	714
72665	713
72924	712
72933	711
73168	710
73482	709
73691	708
73833	707
73905	706
74287	705
74891	704
75032	703
75465	702
75813	701
76078	700
76289	699
76411	698
76549	697
76880	696
77043	695
77225	694
77487	693
77651	692
77763	691
77932	690
78315	688
78414	687
78700	686
78828	685
79188	684
79277	683
79310	682
79818	681
80057	680
80305	679
80518	678
80536	677
80793	676
80912	675
81414	674
81865	673
82209	672
82512	671
83066	670
83289	669
83331	668
83358	667
83760	666
84182	665
84434	664
84671	663
84811	662
84844	661
85069	660
85589	659
85874	657
85961	656
86094	653
86422	652
86967	651
87093	650
87246	649
87532	648
87723	647
87936	646
88327	645
88585	644
88681	643
89121	642
89376	641
89753	640
89776	639
90204	638
90457	637
90460	635
90473	634
90510	633
90676	632
90957	631
91082	630
91170	629
91268	628
91396	627
91716	626
91903	625
92121	624
92262	623
92413	621
92481	620
92523	619
92604	618
92812	617
92935	616
93002	615
93246	614
93526	613
93760	611
93930	610
94068	609
94157	608
94307	607
94404	606
94438	605
94979	604
95716	603
96133	602
96292	601
96841	600
97094	599
97158	598
97461	597
97520	596
97706	594
98279	593
98359	592
98411	590
