Frontier size:	26
Weakly effici:	1
Total time:	17.6863
point	 time
0	3.63668
1	1.54908
2	1.46069
3	2.42028
4	1.37014
5	2.56005
6	0.843359
7	1.05501
8	0.875131
9	0.138653
10	0.338495
11	0.19669
12	0.31177
13	0.110643
14	0.122033
15	0.0938451
16	0.0523938
17	0.114616
18	0.0687963
19	0.0379806
20	0.0385299
21	0.037722
22	0.0428873
23	0.0265422
24	0.0261205
25	0.0293996
26	0.0228277
================== Frontier ==================
32643	182
32643	179
32662	177
33111	176
33244	170
33666	159
34512	157
34554	154
34859	151
35085	149
35975	143
36195	142
36246	141
36313	140
37020	137
37214	129
37985	128
40295	125
40643	123
41428	122
42651	120
42882	115
43797	110
45075	106
46199	105
47470	99
48722	97
