Frontier size:	36
Weakly effici:	0
Total time:	29.0971
point	 time
0	3.46858
1	1.87534
2	1.00957
3	0.827493
4	1.08401
5	0.904957
6	2.79274
7	2.13881
8	2.15708
9	1.89937
10	1.79552
11	1.86113
12	1.29619
13	1.45789
14	1.35262
15	0.872937
16	0.599286
17	0.140904
18	0.0957334
19	0.327192
20	0.147216
21	0.138809
22	0.10177
23	0.0897549
24	0.0616064
25	0.0507772
26	0.041559
27	0.037661
28	0.0584214
29	0.0470674
30	0.0466709
31	0.0404239
32	0.0476429
33	0.0318952
34	0.0292884
35	0.0325623
================== Frontier ==================
32643	196
32655	183
32657	175
32674	173
33421	171
33423	170
34142	169
34170	168
34226	165
34247	164
34270	163
34274	161
34591	160
34646	159
34710	157
34977	155
35013	146
35085	141
35119	138
36306	135
36337	134
36349	132
36589	131
37782	130
38014	129
38296	127
38868	126
40174	125
41502	121
41506	118
42758	117
43919	116
44089	115
45363	114
45365	113
46477	108
