Frontier size:	329
Weakly effici:	0
Total time:	1755.89
point	 time
0	3.54314
1	5.64121
2	8.38231
3	3.44306
4	1.5914
5	1.94117
6	1.46577
7	5.27952
8	5.41018
9	3.63286
10	2.6037
11	2.33139
12	3.35396
13	7.12375
14	3.98048
15	4.5066
16	5.82757
17	5.49883
18	9.87119
19	9.9722
20	9.12349
21	3.50341
22	8.41877
23	9.34374
24	8.58492
25	10.3043
26	11.2739
27	6.96476
28	8.72966
29	10.5558
30	12.1405
31	8.69215
32	9.60143
33	6.67831
34	11.2377
35	8.49271
36	10.7893
37	8.78153
38	8.28267
39	10.3461
40	8.53337
41	7.34043
42	6.77843
43	6.97171
44	9.11051
45	7.49477
46	8.15494
47	9.15267
48	9.63191
49	9.10644
50	8.16959
51	8.90117
52	8.03236
53	7.55889
54	12.3186
55	6.77471
56	8.85183
57	8.46829
58	8.34932
59	10.8558
60	7.42712
61	8.241
62	6.84807
63	9.16967
64	8.18526
65	5.92323
66	7.20915
67	6.51199
68	5.39512
69	9.5796
70	9.04174
71	9.23135
72	13.1678
73	7.3504
74	8.65582
75	7.63824
76	14.2729
77	7.3175
78	6.30639
79	6.54086
80	4.90482
81	2.30278
82	2.10528
83	2.68583
84	3.03371
85	2.44843
86	3.66342
87	4.66138
88	2.45451
89	2.96656
90	4.25717
91	2.47042
92	1.41927
93	3.03591
94	1.43686
95	2.88025
96	0.721449
97	1.39879
98	2.78116
99	1.74335
100	1.58311
101	2.052
102	1.55319
103	1.58745
104	0.848816
105	1.08062
106	0.638603
107	1.50346
108	2.55358
109	2.90318
110	1.36559
111	3.02676
112	3.24864
113	3.5963
114	4.3233
115	3.25854
116	2.68702
117	3.58923
118	2.54398
119	3.62095
120	1.92537
121	3.65904
122	4.687
123	1.97685
124	1.70512
125	2.84914
126	1.7485
127	2.26256
128	2.09147
129	0.880162
130	0.815386
131	1.57036
132	2.34341
133	1.31799
134	3.62718
135	3.09445
136	4.20764
137	5.40193
138	3.40312
139	4.91675
140	2.74595
141	3.61842
142	3.29239
143	4.60397
144	4.53793
145	2.85618
146	3.61299
147	5.17031
148	4.69795
149	3.12865
150	3.21997
151	2.81832
152	2.88186
153	4.48249
154	2.54484
155	4.31255
156	3.18025
157	4.48056
158	4.62063
159	2.39682
160	1.70402
161	1.66042
162	1.2693
163	1.62727
164	1.62974
165	1.11036
166	1.28108
167	1.75762
168	0.665435
169	1.61354
170	0.846669
171	0.876751
172	1.01215
173	1.85582
174	1.46451
175	1.53568
176	3.53011
177	2.59221
178	2.97153
179	1.90478
180	4.29398
181	2.40942
182	1.30304
183	4.27256
184	2.14892
185	2.58985
186	2.88651
187	3.4819
188	3.42431
189	3.59275
190	2.45756
191	2.874
192	3.02133
193	2.86128
194	2.60441
195	2.98322
196	2.25932
197	3.22865
198	3.67336
199	2.44777
200	2.49542
201	1.99868
202	3.32901
203	3.71198
204	4.68722
205	4.24201
206	5.63019
207	7.65434
208	6.45152
209	4.3269
210	7.96231
211	5.90924
212	5.07044
213	8.31763
214	7.89213
215	6.48616
216	5.66606
217	5.24824
218	4.41989
219	6.90594
220	4.44709
221	4.2633
222	5.41396
223	5.17818
224	4.97131
225	5.53773
226	4.73629
227	4.77367
228	3.19208
229	5.27526
230	7.56346
231	4.50057
232	3.18024
233	4.34947
234	4.60292
235	16.6194
236	6.32909
237	5.77857
238	15.5361
239	6.46281
240	6.09681
241	8.57518
242	9.34405
243	8.01779
244	9.42963
245	7.89415
246	7.26557
247	7.35427
248	8.132
249	7.87066
250	6.73675
251	6.64303
252	5.78827
253	5.446
254	7.01856
255	5.41906
256	6.74101
257	6.75198
258	5.8629
259	7.37764
260	7.60534
261	8.12877
262	7.32319
263	8.33051
264	11.4235
265	10.6338
266	11.9809
267	7.47687
268	6.90127
269	8.55778
270	8.62081
271	9.97723
272	6.95489
273	9.59082
274	29.6412
275	8.01577
276	7.99176
277	6.75379
278	13.8589
279	7.91501
280	7.15367
281	6.72003
282	5.89252
283	5.8736
284	8.38445
285	6.52404
286	6.98563
287	8.20856
288	6.82384
289	5.99837
290	4.46769
291	6.96196
292	7.72252
293	5.35347
294	5.66853
295	6.64915
296	4.79801
297	4.14111
298	5.84549
299	5.39161
300	4.3485
301	5.81342
302	5.69987
303	4.70362
304	5.15435
305	5.22335
306	5.46538
307	4.43489
308	4.75122
309	4.86075
310	4.17722
311	3.2252
312	2.93163
313	3.66192
314	2.58888
315	4.09778
316	2.94908
317	2.98952
318	4.07521
319	3.18064
320	2.80276
321	3.8456
322	4.22066
323	4.16195
324	5.9973
325	5.29715
326	4.93502
327	5.54031
328	3.77801
================== Frontier ==================
32643	911
33287	910
33570	909
34013	908
34218	907
34417	906
34592	905
35436	904
35679	903
36151	902
36334	901
36674	900
37045	899
37340	898
37611	897
38100	896
38484	895
38850	894
39593	893
39987	892
40103	890
40177	889
40516	888
40619	887
40747	886
41065	885
41274	884
41288	883
41476	882
41854	881
42002	880
42205	879
42264	878
42587	877
42889	876
43046	875
43370	874
43584	873
43773	872
43916	871
44191	870
44434	869
44650	868
44829	867
45191	866
45399	865
45579	864
46031	863
46243	862
46460	861
46658	860
46810	859
47073	858
47281	857
47615	856
47892	855
47900	854
48343	853
48445	852
48661	851
48855	850
49064	849
49282	848
49626	847
50000	846
50043	845
50476	844
50636	843
50753	842
51295	841
51485	840
51851	839
52019	838
52282	837
52460	836
52806	835
53207	834
53305	833
53324	832
53440	831
53515	829
53641	828
53875	827
54137	826
54262	825
54429	824
54549	823
54806	822
54980	821
55086	820
55452	819
55661	818
55788	817
56281	816
56444	815
56978	814
57061	813
57110	812
57354	811
57550	810
57747	809
58048	808
58132	806
58480	805
58596	804
58764	803
58961	802
59491	801
60273	800
60536	799
60578	798
61072	797
61407	796
61837	795
62034	794
62148	791
62483	790
62681	789
62765	788
62791	787
62909	786
63829	785
64149	784
64215	783
64368	782
64468	780
64635	779
64845	778
65012	777
65101	776
65187	775
65494	773
65899	772
65970	771
66781	770
67156	769
67308	768
67574	767
67764	766
68168	765
68307	764
68537	763
68945	762
69344	761
69576	758
70168	757
70387	755
70655	754
70915	753
71211	752
71539	751
71665	750
71830	749
71942	748
72157	747
72504	746
72764	745
73180	744
73540	743
73644	742
73985	741
74155	740
74205	739
74520	738
74778	737
75012	736
75190	735
75269	734
75521	733
76064	732
76137	731
76246	730
76315	729
76815	728
77085	727
77141	726
77457	725
77552	724
77602	723
77672	722
78145	721
78383	720
78561	719
79086	718
79208	717
79359	716
79542	715
79881	714
79972	713
80303	712
80583	711
81229	710
81681	709
81894	708
82086	707
82465	706
82475	705
82724	704
83025	703
83513	702
83692	701
83826	700
84150	699
84518	698
84893	697
85147	696
85524	695
85744	694
85903	692
86010	691
86291	690
86344	689
86517	688
87090	687
87322	686
87602	685
87880	684
87968	683
88026	682
88151	681
88173	679
88504	678
89086	677
89505	676
89603	675
89618	674
89961	673
90267	672
90378	671
90679	670
90891	669
91074	668
91091	667
91566	666
91826	665
92116	664
92226	663
92644	662
93017	661
93451	660
93633	658
94161	657
94507	656
94856	655
95042	654
95256	653
95588	652
95775	651
95836	650
96288	649
96384	648
96416	647
96618	646
96639	645
96849	644
96971	643
97392	642
97760	641
98342	640
99222	639
99530	638
99759	637
99954	636
100620	635
100817	634
100880	633
101465	631
101499	630
101539	629
101642	628
102001	627
102042	624
102328	623
102645	622
102713	620
102841	619
103001	618
103152	616
103275	615
103519	614
103763	613
103979	611
104155	609
104318	608
104488	607
104888	606
105020	605
105487	604
105720	600
105909	599
106022	598
106323	597
106445	595
106494	594
106501	593
106513	592
106548	591
106593	589
106803	588
106923	587
107034	586
107131	585
107146	584
107394	583
107537	581
107541	580
107695	579
107758	578
107813	577
107921	575
108027	574
108099	572
108183	571
108218	570
108344	569
108634	567
108764	566
109003	564
109088	563
109167	562
109180	561
109344	560
110040	559
110108	558
110207	557
110227	556
110274	555
110481	552
110521	551
