Frontier size:	25
Weakly effici:	0
Total time:	3.2451
point	 time
0	0.462422
1	0.191768
2	0.166986
3	0.392295
4	0.30492
5	0.178801
6	0.194575
7	0.1802
8	0.174884
9	0.085796
10	0.104608
11	0.10708
12	0.0808015
13	0.117074
14	0.0515754
15	0.0633793
16	0.0400913
17	0.0388647
18	0.0439769
19	0.0333593
20	0.0273416
21	0.0196222
22	0.0301921
23	0.0297708
24	0.0336635
================== Frontier ==================
25105	178
25692	177
25724	176
27109	170
27180	169
27326	162
27457	159
27790	156
28233	151
28304	150
28592	140
29075	137
29446	134
29825	129
29837	128
30803	125
31049	123
31659	122
32002	115
33279	111
33563	110
34444	106
35456	105
36643	99
37009	97
