Frontier size:	28
Weakly effici:	0
Total time:	7.29242
point	 time
0	0.470299
1	0.19347
2	0.265276
3	0.211888
4	0.670185
5	0.414823
6	0.2985
7	0.447913
8	0.452721
9	0.478432
10	0.292925
11	0.355758
12	0.331554
13	0.275353
14	0.372661
15	0.25691
16	0.155845
17	0.0927843
18	0.0843253
19	0.119252
20	0.0905635
21	0.126573
22	0.0910644
23	0.118259
24	0.112861
25	0.128072
26	0.105707
27	0.176334
================== Frontier ==================
25105	251
25189	242
25250	240
25541	235
25696	221
26004	212
26007	211
26017	199
26027	198
26180	195
26236	194
26302	193
26310	192
26317	189
27222	178
27233	169
27251	168
27263	167
27760	166
27856	165
27895	161
27919	159
27957	158
27959	157
28298	156
28591	153
28690	152
28833	151
