Frontier size:	340
Weakly effici:	0
Total time:	654.177
point	 time
0	0.470167
1	1.0126
2	1.47029
3	0.872786
4	1.0434
5	1.23168
6	1.78436
7	1.36618
8	1.6956
9	1.40207
10	0.625102
11	0.416097
12	0.92959
13	0.708412
14	0.918791
15	0.821614
16	0.981464
17	1.37896
18	1.35747
19	1.23265
20	2.27243
21	2.08713
22	4.01305
23	2.71428
24	2.52853
25	4.78604
26	6.07547
27	4.58637
28	2.85135
29	2.82431
30	4.00421
31	3.73595
32	6.19627
33	7.13521
34	6.35399
35	7.74446
36	3.93208
37	5.4096
38	2.65486
39	5.96652
40	3.58301
41	6.75639
42	7.43591
43	4.99933
44	2.42048
45	3.64286
46	2.98641
47	3.81481
48	6.4592
49	2.20119
50	5.12671
51	3.15088
52	4.50422
53	3.76207
54	3.13893
55	1.58028
56	2.2811
57	1.63449
58	2.92178
59	3.62578
60	2.01428
61	2.91619
62	1.807
63	3.28984
64	2.11825
65	3.04923
66	3.37053
67	2.71127
68	2.40933
69	2.60453
70	2.43325
71	1.88855
72	1.0512
73	1.20557
74	1.3064
75	1.0555
76	0.703802
77	0.892281
78	0.961825
79	0.988532
80	1.0314
81	1.41599
82	1.43204
83	1.01364
84	1.40819
85	1.12038
86	0.936155
87	0.921163
88	1.34922
89	0.843344
90	0.782131
91	0.683614
92	0.502081
93	0.448606
94	0.749543
95	0.816456
96	0.626827
97	1.29209
98	1.03392
99	2.21942
100	3.13571
101	1.29525
102	2.43045
103	1.24781
104	2.2988
105	2.57498
106	1.9322
107	1.7438
108	1.95876
109	1.7403
110	2.1103
111	1.50284
112	1.31736
113	0.831772
114	1.05866
115	0.836126
116	0.541739
117	0.922037
118	1.04759
119	0.804858
120	1.70259
121	1.08792
122	1.38831
123	1.14824
124	1.43469
125	1.10199
126	1.41855
127	1.09985
128	0.756311
129	0.838047
130	1.01645
131	1.67618
132	1.23384
133	1.19246
134	1.14706
135	1.15458
136	1.04109
137	1.5263
138	1.11936
139	1.0932
140	1.0405
141	2.60091
142	1.53315
143	2.18786
144	1.8456
145	2.18479
146	1.67446
147	1.06038
148	1.32347
149	0.943426
150	1.14634
151	1.50627
152	4.43041
153	1.56456
154	2.16676
155	2.25508
156	3.48642
157	1.84489
158	2.47053
159	1.4972
160	0.996735
161	2.29363
162	1.13007
163	1.99081
164	2.18439
165	0.814704
166	0.741467
167	2.77567
168	1.58944
169	1.69729
170	2.30921
171	1.84446
172	1.29044
173	1.48075
174	1.23011
175	0.886472
176	2.23819
177	3.1179
178	2.3787
179	1.79781
180	2.35522
181	3.11346
182	1.70981
183	0.959376
184	1.87571
185	2.08509
186	2.78743
187	1.86248
188	2.42813
189	1.22305
190	2.02468
191	2.65451
192	1.22433
193	0.934195
194	0.742749
195	0.787515
196	0.601292
197	0.740662
198	0.802142
199	0.836151
200	1.70971
201	1.19386
202	1.13674
203	1.1358
204	0.945006
205	0.984103
206	0.72112
207	0.63063
208	0.728527
209	0.804643
210	0.499943
211	0.370495
212	0.485205
213	0.349467
214	0.519569
215	0.54842
216	0.543454
217	0.581868
218	0.624967
219	0.631228
220	0.412805
221	0.920927
222	0.372849
223	0.497217
224	0.524855
225	0.672678
226	0.481105
227	0.692631
228	0.661679
229	0.553911
230	0.686222
231	0.640781
232	0.810583
233	0.514382
234	0.498021
235	0.656137
236	0.347399
237	0.309756
238	1.278
239	0.588232
240	0.712691
241	0.582598
242	0.896456
243	0.977791
244	0.886671
245	0.932387
246	0.778611
247	0.649981
248	0.661387
249	0.793155
250	0.454601
251	0.752394
252	0.853541
253	1.35036
254	2.69252
255	1.68772
256	2.82744
257	2.13275
258	1.87728
259	1.25725
260	1.1476
261	1.43813
262	2.20202
263	2.63159
264	1.81711
265	1.98455
266	1.89301
267	1.79046
268	2.61276
269	2.40528
270	2.99898
271	3.65834
272	2.97881
273	3.45152
274	2.56995
275	2.72214
276	2.15585
277	2.74247
278	2.3049
279	3.08331
280	2.75008
281	4.57143
282	3.21348
283	3.12799
284	3.13561
285	3.8131
286	2.85644
287	2.11479
288	2.61991
289	3.23848
290	2.68869
291	2.19183
292	1.86665
293	1.94104
294	1.86598
295	2.97801
296	2.69156
297	1.44092
298	0.82091
299	2.38582
300	2.71429
301	3.11055
302	2.5215
303	2.41775
304	1.8904
305	1.29506
306	1.8812
307	1.13286
308	1.17432
309	2.79295
310	2.53848
311	4.12404
312	2.82996
313	2.58169
314	2.92397
315	2.89412
316	2.79368
317	3.45415
318	3.47538
319	3.57726
320	2.849
321	2.80795
322	3.73905
323	1.70412
324	2.31349
325	2.38241
326	2.82494
327	1.41379
328	1.97268
329	1.5311
330	2.08916
331	2.77749
332	2.38648
333	2.29145
334	2.94168
335	1.75493
336	1.89256
337	1.5202
338	1.26562
339	1.0716
================== Frontier ==================
25105	911
26035	910
26530	909
26745	908
27339	907
27582	906
27870	904
28440	903
28999	902
29368	901
29677	900
29849	899
30002	898
30101	897
30697	896
31116	895
31334	894
31602	893
31882	892
31923	891
32356	890
32630	889
32923	888
33452	887
33759	886
34158	885
34542	884
34709	883
35007	882
35485	881
35829	879
35982	878
36269	877
36355	876
36772	875
36956	873
37174	872
37394	871
37450	870
37660	869
37835	868
38279	867
38635	866
38766	864
38846	863
39138	862
39322	861
39435	860
39668	859
39880	858
40125	857
40460	856
40520	855
40613	854
40745	853
40752	852
40935	851
40987	850
41172	849
41541	848
42110	847
42360	846
42456	845
42797	844
43154	843
43417	841
43832	840
43851	839
44069	838
44284	837
44536	836
44707	835
44759	834
44868	833
44965	832
45128	831
45380	830
45417	829
45510	828
45731	827
45929	826
46078	825
46367	823
46485	822
46657	821
46887	820
46903	819
47120	818
47436	817
47878	816
48104	815
48175	814
48236	813
48661	812
49060	811
49601	810
49821	809
50436	808
50849	807
51363	806
51570	805
51678	804
52003	803
52205	802
52659	801
52777	800
52833	799
52843	798
53246	797
53328	796
53450	795
53454	794
53582	793
53737	792
54370	791
54554	790
54864	789
55185	788
55716	787
55791	786
56079	785
56208	784
56622	783
56814	782
57140	781
57450	780
57515	779
57673	777
57874	776
57918	775
58039	774
58567	773
58708	772
58960	770
59335	769
59477	768
59590	767
59974	766
60382	765
60613	764
60961	763
61555	762
61621	761
61952	760
62260	759
62565	758
62801	757
62995	756
63149	755
63327	754
63852	753
64297	752
64762	751
64822	750
64971	749
65218	748
65834	747
65893	746
66052	745
66241	744
66356	743
66840	742
67073	741
67302	740
67386	739
67442	738
67704	737
68110	736
68275	735
68510	734
68580	733
68714	732
68985	731
69205	730
69437	729
69758	728
70125	727
70438	726
70653	725
70864	724
71139	723
71471	722
72002	721
72124	720
72495	719
72617	718
72899	717
72913	716
73301	715
73653	714
73979	713
74325	712
74378	711
74581	710
74699	709
74795	708
74980	707
75129	706
75176	705
75262	704
75695	703
75899	702
75915	701
75921	699
76071	697
76255	696
76320	695
76421	694
76708	693
76861	692
77001	691
77203	690
77332	689
77363	688
77550	687
77837	686
78049	684
78507	683
78761	682
78885	681
79070	680
79545	679
79792	678
79853	677
80089	676
80451	675
80839	674
81391	673
81659	672
81812	671
81923	670
82520	669
82625	668
82755	667
83047	666
83172	665
83187	664
83410	663
84348	662
84387	661
84561	660
84997	659
85556	658
86229	656
86618	655
87016	654
87174	653
87325	652
87504	651
87621	650
87864	649
88045	648
88424	647
88828	645
89155	644
89208	643
89479	642
89485	641
89611	640
89875	639
89878	638
90177	636
90521	635
90739	634
90944	633
91077	632
91339	631
91478	630
91712	629
91973	628
92325	626
92567	625
92840	624
93056	622
93114	620
93326	619
93472	618
93728	617
94026	616
94112	615
94460	614
94554	613
95071	612
95221	611
95387	610
95617	609
95642	608
95828	607
95889	605
96060	604
96287	603
96496	602
96663	601
96716	600
96898	599
97248	598
97342	597
97534	595
97606	593
97930	592
98151	590
98612	589
98825	588
99096	586
99255	585
99595	582
99815	579
99935	578
100174	577
100657	576
100847	575
101178	573
101321	571
101558	570
101913	567
102021	566
102053	565
102199	563
102426	562
102550	561
102592	559
102694	557
102702	555
102803	554
102936	553
103050	550
103611	549
103814	548
103983	547
104054	545
104297	544
104619	543
104734	542
104876	541
104993	538
105048	537
105132	535
105148	531
105287	526
105368	525
