Frontier size:	280
Weakly effici:	0
Total time:	121.359
point	 time
0	0.202713
1	0.232933
2	0.229592
3	0.381609
4	0.259654
5	0.249632
6	0.331281
7	0.542801
8	0.747512
9	0.597759
10	0.591595
11	0.695266
12	0.376196
13	0.553479
14	0.576103
15	0.796442
16	0.75259
17	0.727241
18	0.771691
19	0.843647
20	1.1104
21	1.3102
22	0.563079
23	1.3217
24	1.89789
25	1.96818
26	1.51504
27	1.02216
28	1.20853
29	1.4715
30	0.930361
31	0.864559
32	0.969764
33	1.12653
34	1.77955
35	1.04339
36	1.14008
37	0.627318
38	0.646061
39	0.927874
40	0.719635
41	0.570829
42	0.396423
43	0.388767
44	0.237622
45	0.363969
46	0.274542
47	0.258072
48	0.227094
49	0.233757
50	0.297173
51	0.28843
52	0.452484
53	0.444789
54	0.47417
55	0.469048
56	0.309237
57	0.274533
58	0.275342
59	0.283128
60	0.831264
61	1.44244
62	1.28878
63	0.842107
64	0.481728
65	0.334539
66	0.545192
67	0.647539
68	0.483601
69	0.768899
70	0.343846
71	0.373157
72	0.363755
73	0.287698
74	0.393462
75	0.39848
76	0.457004
77	0.495247
78	1.08146
79	0.746871
80	0.802489
81	0.875095
82	0.559844
83	0.700891
84	0.729413
85	0.630966
86	0.505721
87	0.68318
88	0.63907
89	0.767874
90	0.715317
91	0.807905
92	0.737813
93	0.505951
94	0.627378
95	0.771617
96	0.962581
97	0.742579
98	0.864888
99	0.91818
100	0.994491
101	0.693393
102	0.553963
103	0.980076
104	0.648841
105	0.700304
106	0.857793
107	0.669374
108	0.611442
109	0.387737
110	0.857281
111	0.93556
112	0.807953
113	0.892702
114	0.87989
115	0.799297
116	0.704378
117	0.760901
118	0.920889
119	1.07272
120	0.500818
121	0.454493
122	0.495296
123	0.322215
124	0.373625
125	0.255995
126	0.180834
127	0.366089
128	0.483211
129	0.34226
130	0.188343
131	0.186687
132	0.164906
133	0.167062
134	0.217428
135	0.177486
136	0.240659
137	0.319138
138	0.232329
139	0.296842
140	0.229301
141	0.20447
142	0.243997
143	0.215326
144	0.171667
145	0.186174
146	0.151804
147	0.169582
148	0.258097
149	0.240361
150	0.196956
151	0.229807
152	0.242243
153	0.174018
154	0.212997
155	0.243938
156	0.261134
157	0.236392
158	0.167309
159	0.176599
160	0.162017
161	0.181002
162	0.183078
163	0.162331
164	0.235703
165	0.197338
166	0.158232
167	0.171922
168	0.156521
169	0.145147
170	0.155718
171	0.174139
172	0.174776
173	0.179997
174	0.172046
175	0.149311
176	0.177613
177	0.151711
178	0.144893
179	0.156978
180	0.161781
181	0.263333
182	0.282329
183	0.250643
184	0.154482
185	0.144092
186	0.300412
187	0.166807
188	0.151886
189	0.171259
190	0.247323
191	0.18315
192	0.179195
193	0.184695
194	0.184864
195	0.170635
196	0.205847
197	0.169768
198	0.194524
199	0.33288
200	0.187532
201	0.226264
202	0.2431
203	0.305746
204	0.355258
205	0.291214
206	0.204655
207	0.181953
208	0.277404
209	0.190081
210	0.183933
211	0.226225
212	0.233798
213	0.247995
214	0.290177
215	0.163646
216	0.145857
217	0.18263
218	0.293691
219	0.203893
220	0.22977
221	0.183264
222	0.221456
223	0.232638
224	0.17854
225	0.249004
226	0.201055
227	0.244323
228	0.26512
229	0.185877
230	0.585013
231	0.626994
232	0.194642
233	0.338664
234	0.219135
235	0.174047
236	0.19165
237	0.237361
238	0.414551
239	0.210624
240	0.156774
241	0.166222
242	0.150465
243	0.159872
244	0.323597
245	0.193321
246	0.284169
247	0.267717
248	0.189526
249	0.304328
250	0.220506
251	0.18323
252	0.197943
253	0.179857
254	0.184208
255	0.23333
256	0.202384
257	0.152879
258	0.163531
259	0.231983
260	0.284194
261	0.265158
262	0.207718
263	0.154397
264	0.219311
265	0.18009
266	0.216564
267	0.264668
268	0.314027
269	0.272438
270	0.304193
271	0.32244
272	0.19422
273	0.179712
274	0.173214
275	0.21042
276	0.220336
277	0.297522
278	0.439856
279	0.264059
================== Frontier ==================
20530	911
21234	910
21803	909
22109	908
22569	907
23037	906
23566	905
24248	904
24490	903
24514	902
25069	901
25330	900
25585	899
25919	898
26012	897
26464	896
26811	895
27209	894
27299	893
27484	892
27913	891
27934	890
28263	889
28760	888
28986	887
29248	886
29690	885
29962	884
30090	883
30477	882
30616	881
31115	880
31300	879
31469	878
31650	877
31792	876
31863	875
31908	874
32256	873
32661	872
32923	871
33073	870
33181	869
33269	868
33273	867
33364	866
33654	865
33778	864
34041	863
34403	862
34713	861
34833	860
35055	859
35341	858
35746	857
36075	856
36395	855
36562	854
36903	853
37179	852
37683	851
38025	850
38327	849
38660	848
38843	847
38932	846
39232	845
39554	844
39653	843
39820	841
40137	840
40398	839
40569	838
40764	837
40964	836
41153	835
41540	834
41873	833
42243	832
42369	831
42420	830
42888	829
42909	828
43071	827
43472	826
43773	825
43957	824
44341	823
44475	821
44695	820
44877	819
45000	818
45106	817
45307	816
45500	815
45802	814
46003	813
46197	812
46478	811
46752	810
47059	809
47320	808
47546	807
48021	806
48585	805
48667	804
48847	803
49144	802
49300	801
49330	800
49736	799
49861	798
50071	797
50268	796
50777	795
51281	794
51609	793
51681	792
51917	791
52189	790
52197	789
52293	788
52429	787
52590	786
52805	785
53078	784
53127	783
53309	782
53463	781
53575	780
53592	779
53658	778
53757	777
53984	776
54171	775
54284	774
54846	773
55450	772
55624	771
55723	770
56119	769
56176	768
56291	767
56462	766
56488	765
56783	764
56813	763
57002	762
57358	761
57580	760
57608	759
57739	758
58195	757
58359	756
58536	755
59049	754
59087	753
59340	752
59492	750
59591	749
59696	748
60098	747
60231	746
60477	745
60655	744
60709	743
60713	742
60935	741
61488	740
61633	739
62090	738
62616	737
62848	736
62960	735
63295	734
63698	733
63977	732
64129	731
64277	730
64558	729
65059	728
65340	727
65441	726
65465	725
65584	724
65981	723
66530	722
66650	721
66688	720
67207	719
67783	718
68025	717
68189	716
68226	715
68550	714
68562	713
68990	711
69563	710
69851	709
70089	708
70312	707
70455	706
70759	705
70915	704
71212	703
71227	702
71524	701
71762	700
72041	699
72213	698
72594	697
72832	696
72833	695
72911	694
73288	693
73585	692
73732	691
74196	690
74557	689
74605	688
74720	687
74819	686
75281	685
75433	684
75772	683
75991	682
76267	681
76432	680
76593	679
76933	678
77544	677
77663	676
77738	675
77809	674
77966	673
78182	672
78465	671
78743	670
78996	667
79008	666
79313	665
79399	664
79758	663
80448	662
80700	660
80724	659
81060	658
81167	657
81202	656
81629	655
81803	654
82216	653
82437	652
82499	651
82724	650
82935	649
83092	648
83137	647
83426	646
83813	645
84086	644
84259	643
84262	642
84438	641
84572	640
84800	639
84908	638
85121	637
85220	635
85688	634
85865	633
86086	632
86150	631
86198	630
86268	629
86385	628
86584	627
86802	626
87142	625
87236	624
