Frontier size:	19
Weakly effici:	0
Total time:	1.80007
point	 time
0	0.327691
1	0.325851
2	0.163447
3	0.107006
4	0.0819967
5	0.073096
6	0.104297
7	0.0906246
8	0.0775846
9	0.0599809
10	0.0463335
11	0.047771
12	0.0438177
13	0.0389714
14	0.038658
15	0.0295816
16	0.0243584
17	0.0150215
18	0.0305539
================== Frontier ==================
24445	177
24666	176
24708	163
24763	159
25056	151
25269	149
25740	143
25947	137
26002	129
26361	128
27334	123
27428	122
27951	120
28182	115
28397	110
28975	106
29399	105
29970	99
30522	97
