Frontier size:	61
Weakly effici:	0
Total time:	19.5734
point	 time
0	0.325444
1	0.17712
2	0.172719
3	0.196729
4	0.26339
5	0.259972
6	0.330844
7	0.33769
8	0.340609
9	0.305738
10	0.300943
11	0.326043
12	0.309605
13	0.286709
14	0.263046
15	0.204121
16	0.220515
17	0.234477
18	0.415172
19	0.760079
20	0.517552
21	0.369488
22	0.416938
23	0.419639
24	0.339119
25	0.316307
26	0.677539
27	0.446797
28	0.541571
29	0.380097
30	0.413441
31	0.372796
32	0.344121
33	0.301765
34	0.371954
35	0.333562
36	0.247405
37	0.15917
38	0.169745
39	0.186485
40	0.18785
41	0.19565
42	0.62178
43	0.507869
44	0.765661
45	0.340032
46	0.362866
47	0.252925
48	0.429246
49	0.400251
50	0.236486
51	0.417794
52	0.197851
53	0.251967
54	0.204526
55	0.106202
56	0.128327
57	0.12112
58	0.105008
59	0.08404
60	0.0887656
================== Frontier ==================
24445	303
24446	291
24492	280
24509	275
24673	268
24704	266
24707	250
24808	243
24953	236
24967	234
25037	229
25256	227
25308	226
25344	224
25395	217
25399	216
25572	215
25636	214
25645	213
25862	211
25958	210
25996	209
26020	207
26029	204
26060	200
26176	198
26636	193
26679	189
26811	188
26900	187
26973	185
26987	184
27027	181
27063	179
27110	178
27114	176
27286	175
27304	174
27345	173
27391	172
27427	171
27428	167
27666	166
27717	165
27727	164
27791	161
27896	160
28022	157
28069	155
28180	154
28191	150
28285	148
28429	147
28523	146
28661	145
28941	144
29023	143
29068	141
29154	140
29195	138
29507	134
