Frontier size:	335
Weakly effici:	0
Total time:	1157.76
point	 time
0	0.323334
1	0.412766
2	0.649079
3	0.513742
4	0.798752
5	1.401
6	1.12853
7	1.42887
8	2.45514
9	1.7296
10	1.81351
11	2.42485
12	3.3276
13	3.64147
14	3.89134
15	3.52411
16	4.83987
17	4.0894
18	1.65286
19	1.69576
20	1.25761
21	0.618845
22	0.803454
23	1.01276
24	1.75895
25	2.73777
26	2.75205
27	2.78529
28	2.67244
29	3.02976
30	4.62036
31	6.20442
32	4.16922
33	3.75571
34	5.10559
35	5.76101
36	4.40373
37	4.63219
38	4.59869
39	7.87833
40	8.34849
41	4.68784
42	3.90892
43	4.24221
44	2.74859
45	1.73173
46	2.05925
47	2.459
48	0.996239
49	1.67771
50	1.39652
51	2.12443
52	1.74181
53	2.16571
54	2.95458
55	2.33468
56	6.44209
57	4.5382
58	6.44991
59	8.37117
60	5.00152
61	8.22908
62	7.00231
63	7.18905
64	8.7082
65	7.26776
66	6.29742
67	6.33635
68	5.21749
69	3.47095
70	4.50654
71	1.72598
72	3.60417
73	6.0272
74	2.94273
75	2.50391
76	1.72669
77	2.03199
78	3.68481
79	3.79048
80	2.97489
81	1.52238
82	1.33214
83	1.14322
84	0.776295
85	1.13936
86	2.15134
87	1.68273
88	2.04076
89	1.80917
90	1.25843
91	1.54313
92	1.18153
93	2.04553
94	2.51025
95	1.02052
96	0.914245
97	1.02669
98	1.83117
99	2.08725
100	1.97569
101	2.90935
102	5.35685
103	3.44967
104	3.46951
105	4.81802
106	6.77778
107	6.28457
108	4.57976
109	4.94221
110	4.86931
111	6.1089
112	5.81164
113	7.34202
114	6.64998
115	8.63823
116	7.38679
117	4.53136
118	5.95768
119	6.53869
120	7.24176
121	7.15891
122	2.66108
123	2.8728
124	2.87145
125	2.01789
126	2.84787
127	3.02257
128	1.64914
129	1.81699
130	3.41771
131	2.42286
132	4.13114
133	2.00911
134	3.37405
135	2.0122
136	3.08194
137	2.09382
138	1.86591
139	1.00763
140	0.585712
141	0.794385
142	0.900089
143	0.4726
144	0.692707
145	0.47179
146	0.617464
147	0.491965
148	1.23526
149	0.863231
150	2.27743
151	1.60781
152	2.16362
153	1.26588
154	1.09549
155	0.732921
156	0.829242
157	2.53414
158	3.4443
159	4.18578
160	4.12891
161	2.80932
162	4.52908
163	3.22615
164	3.83262
165	1.93412
166	5.85445
167	4.35333
168	4.62698
169	2.9467
170	5.1011
171	3.47572
172	2.76397
173	4.58476
174	3.662
175	4.53316
176	3.83843
177	2.52138
178	4.60783
179	4.91541
180	4.46387
181	4.16558
182	5.34287
183	2.03969
184	4.0179
185	2.34313
186	3.99642
187	3.01392
188	4.30749
189	2.42665
190	4.28242
191	3.68824
192	4.23328
193	4.7193
194	3.66152
195	3.93807
196	5.33668
197	5.24066
198	5.34633
199	5.0942
200	4.34758
201	4.83909
202	4.81797
203	3.47438
204	3.99136
205	4.06436
206	4.85366
207	1.43609
208	2.43183
209	1.88158
210	2.10514
211	4.35005
212	3.36505
213	1.78636
214	2.89394
215	4.28175
216	4.08839
217	3.51422
218	3.09104
219	2.74391
220	2.63329
221	2.98933
222	2.55773
223	3.0551
224	3.11482
225	2.87947
226	3.36905
227	3.55827
228	3.84329
229	3.55365
230	3.54158
231	3.77492
232	4.18606
233	3.85873
234	5.63781
235	4.24905
236	3.96055
237	3.10553
238	3.55129
239	2.17739
240	2.69038
241	4.54583
242	3.37873
243	3.14152
244	2.25828
245	2.52619
246	2.88152
247	2.98391
248	2.79684
249	3.67126
250	1.92482
251	1.41557
252	1.33517
253	3.26559
254	3.57992
255	4.18241
256	4.16715
257	3.57216
258	3.79507
259	4.15934
260	4.22234
261	4.11223
262	4.30526
263	4.80867
264	4.56801
265	4.19478
266	3.89134
267	1.8588
268	2.83758
269	3.05694
270	4.50713
271	5.0263
272	3.60085
273	4.42811
274	5.31794
275	4.12274
276	5.45624
277	4.21057
278	4.7187
279	5.29946
280	4.08846
281	3.74007
282	4.20634
283	2.58063
284	3.0131
285	2.40971
286	3.32125
287	4.5455
288	4.17243
289	3.89773
290	4.46613
291	3.88888
292	3.69146
293	3.0092
294	5.68829
295	4.74698
296	4.06855
297	4.05156
298	3.02148
299	3.30737
300	2.8577
301	3.27223
302	2.76674
303	3.83192
304	3.17549
305	2.41701
306	1.9554
307	1.86585
308	3.00257
309	3.02341
310	2.51126
311	2.75314
312	5.06929
313	4.6122
314	4.96017
315	5.32984
316	5.3442
317	6.00479
318	4.21006
319	4.65659
320	2.51449
321	3.11912
322	4.05975
323	3.63711
324	4.81812
325	3.79447
326	3.78401
327	3.40786
328	3.29689
329	3.92788
330	4.06532
331	3.15799
332	3.03306
333	4.04927
334	4.00261
================== Frontier ==================
24445	911
25014	910
25762	909
25925	908
26611	907
27021	906
27465	905
27901	904
28219	903
28535	902
28990	901
29333	900
29784	899
30110	898
30342	897
30524	896
30825	895
31064	894
31317	892
31509	891
31655	890
31668	889
31912	888
32202	887
32788	886
33247	885
33373	884
33786	883
34112	882
34373	881
35046	880
35472	879
35545	878
35664	877
35926	876
36203	875
36452	874
36563	873
36704	872
37008	871
37305	870
37326	869
37447	868
37737	867
37925	866
37980	865
38185	864
38397	863
38483	862
38582	861
38922	860
39192	859
39292	858
39683	857
39951	856
40294	855
40617	854
40915	853
41122	852
41276	851
41425	850
41683	849
41864	848
42046	847
42320	846
42455	845
42623	844
42823	843
42841	842
43168	841
43419	840
43535	839
43846	838
44174	837
44282	836
44309	835
44345	834
44495	833
44891	832
45163	831
45401	829
45566	828
45816	827
46103	826
46201	825
46589	824
47173	823
47235	822
47517	821
47683	820
47940	819
48149	818
48611	817
48969	816
49217	815
49498	814
49515	813
49838	812
50196	811
50330	810
50884	809
51233	808
51367	807
51541	806
51859	805
52261	804
52538	803
52873	802
52945	801
53170	800
53249	798
53756	797
53978	796
54163	795
54601	794
54777	793
54855	792
55025	791
55345	790
55582	789
55660	788
55886	787
55922	786
56240	785
56594	784
56739	783
57048	782
57132	781
57188	780
57216	779
57880	778
58012	777
58438	776
58621	775
58895	774
59073	773
59360	772
59443	771
59471	770
59560	769
59590	768
59795	767
59866	766
60168	765
60397	764
60747	763
61101	762
61314	761
61793	760
61805	759
62491	758
62736	757
63195	756
63335	755
63660	754
63769	753
63820	752
64451	751
64930	750
65149	749
65442	747
65563	746
65771	745
65893	744
66340	743
66466	742
66920	741
66934	740
67184	739
67286	738
67616	737
67771	736
67956	735
68204	734
68669	733
69067	732
69438	731
69546	730
69886	729
69905	728
70045	727
70224	726
70503	725
70737	724
70982	723
71239	722
71614	721
71892	720
72125	719
72187	718
72478	717
72606	716
72944	715
73156	713
73515	712
73756	711
73981	710
74275	709
74645	708
74713	707
74910	706
75158	705
75447	704
75644	703
76006	702
76269	701
76270	700
76314	698
76640	697
76842	696
77240	695
77829	694
77958	693
78152	692
78414	691
78513	690
78789	689
79116	688
79184	687
79469	685
79673	684
80214	683
80275	682
80626	681
80804	680
81210	679
81573	678
81665	677
81958	675
82295	674
82392	673
82676	672
82931	671
83265	670
83525	669
83604	668
83852	667
83953	666
84066	665
84289	664
84332	663
84833	662
84872	661
84945	660
85269	659
85349	658
85556	657
85842	656
85859	655
86487	654
86596	653
86805	651
86938	650
87457	649
87619	648
88326	647
88502	646
88807	645
88978	644
89112	643
89514	642
89593	641
89871	640
90144	639
90307	638
90575	637
90639	635
90643	633
90810	632
91119	631
91415	630
91727	629
91782	628
91965	627
92146	626
92350	625
92500	624
92766	623
93052	622
93228	621
93303	620
93700	619
93773	617
93810	615
93818	614
94040	613
94111	612
94703	611
94776	610
94951	609
95090	608
95190	607
95644	606
95822	605
96105	604
96617	603
96801	601
96965	600
96970	599
97062	598
97179	597
97509	596
97635	593
97762	592
97764	591
97906	590
97957	589
98049	587
98349	586
98950	585
98974	584
99037	583
99471	582
99771	581
99895	580
100226	579
100360	578
100468	575
100591	574
100621	573
100634	572
100851	570
101154	567
101255	565
101265	561
101387	560
101519	558
101527	557
101566	556
101721	554
101816	553
101894	552
101965	551
102213	550
102348	549
