Frontier size:	30
Weakly effici:	0
Total time:	20.3052
point	 time
0	6.67998
1	4.35445
2	2.45559
3	0.533677
4	1.86518
5	0.360209
6	0.676868
7	0.42967
8	0.438773
9	0.644859
10	0.266416
11	0.181917
12	0.310083
13	0.0996818
14	0.134755
15	0.0962982
16	0.0964221
17	0.108334
18	0.087979
19	0.0531269
20	0.0741435
21	0.0469768
22	0.0345021
23	0.0323133
24	0.0239453
25	0.0204352
26	0.0177198
27	0.0189793
28	0.0330102
29	0.018236
================== Frontier ==================
31414	268
31420	260
31476	178
31484	177
32274	172
32570	170
32624	169
32774	168
32776	165
33037	159
34049	156
34418	153
34855	151
34951	149
35819	143
36043	141
36267	140
37009	137
37201	129
37952	128
40288	125
40634	123
41428	122
42651	120
42882	115
43797	110
45075	106
46199	105
47470	99
48722	97
