Frontier size:	38
Weakly effici:	0
Total time:	35.5206
point	 time
0	6.52732
1	3.30757
2	3.65722
3	1.22451
4	1.71757
5	1.182
6	1.39412
7	1.23245
8	1.19432
9	1.26096
10	0.460877
11	1.99817
12	1.58711
13	1.38012
14	0.859964
15	0.607329
16	0.366908
17	0.381589
18	0.458777
19	0.58036
20	1.03039
21	0.700434
22	0.424626
23	0.158133
24	0.449713
25	0.222286
26	0.181068
27	0.112898
28	0.0908365
29	0.0872
30	0.0757294
31	0.0783422
32	0.0708358
33	0.0656412
34	0.0538883
35	0.0791737
36	0.0679707
37	0.0598411
================== Frontier ==================
31414	295
31420	256
31476	214
31484	209
31939	208
31944	205
31955	203
31995	202
32013	201
32024	183
32193	182
32918	179
32950	178
33147	176
33345	175
33392	173
33415	169
33820	167
34610	163
34908	161
35522	160
35960	158
36031	153
36373	149
37019	147
37023	145
39627	144
39639	143
39734	142
39743	141
40617	137
41616	135
42020	132
42033	131
42054	130
44062	126
44065	125
44145	124
