Frontier size:	302
Weakly effici:	1
Total time:	2872.63
point	 time
0	6.66015
1	7.72181
2	6.20956
3	6.33855
4	5.68749
5	14.6436
6	8.8644
7	9.57016
8	18.2299
9	21.274
10	11.2076
11	8.26261
12	7.89159
13	10.3475
14	10.5372
15	8.85707
16	19.9373
17	12.7656
18	13.5512
19	16.3833
20	14.4924
21	22.9967
22	18.7204
23	17.826
24	15.043
25	14.7353
26	18.5501
27	14.9819
28	16.2563
29	16.9632
30	16.8941
31	20.3374
32	20.8367
33	20.6267
34	22.5267
35	29.8983
36	27.0489
37	24.9852
38	34.3939
39	33.0314
40	37.6098
41	31.0664
42	20.323
43	25.1646
44	30.3062
45	21.8599
46	14.8109
47	16.6756
48	14.5268
49	13.6813
50	16.1778
51	15.3165
52	12.3435
53	17.2919
54	16.166
55	15.6025
56	15.7932
57	12.6967
58	13.1623
59	16.4304
60	11.1707
61	10.4984
62	12.2584
63	13.5912
64	13.5117
65	15.5145
66	15.6305
67	15.1684
68	15.9415
69	14.6977
70	12.6154
71	18.9349
72	15.471
73	11.7028
74	11.2018
75	12.8899
76	10.7369
77	12.6706
78	11.1467
79	10.6997
80	10.8821
81	9.57905
82	6.37332
83	7.83606
84	7.78551
85	5.26993
86	7.35252
87	4.14541
88	4.52315
89	4.5971
90	6.47134
91	6.82885
92	4.57714
93	7.90293
94	7.79678
95	7.75841
96	5.91113
97	6.45567
98	6.86044
99	6.59077
100	5.47054
101	6.97815
102	5.63631
103	6.25787
104	6.03823
105	7.30882
106	6.31656
107	8.38381
108	9.74804
109	8.60172
110	6.92185
111	8.8854
112	7.34603
113	9.06951
114	6.41517
115	6.24668
116	5.94552
117	5.57283
118	5.18528
119	5.888
120	5.58169
121	5.28051
122	6.32144
123	6.29574
124	6.80374
125	5.50605
126	4.34225
127	7.03713
128	6.199
129	8.19602
130	3.78311
131	4.47398
132	5.90606
133	5.89631
134	5.66037
135	4.99469
136	9.22645
137	8.074
138	6.81132
139	7.05393
140	7.29259
141	9.2894
142	5.9408
143	7.27401
144	7.8583
145	6.02755
146	6.65979
147	6.43128
148	6.1473
149	8.22188
150	6.90875
151	5.83069
152	5.69571
153	7.69064
154	6.38742
155	5.87479
156	7.36453
157	10.113
158	6.29508
159	7.2397
160	6.25837
161	7.94114
162	4.60297
163	4.68709
164	6.87525
165	6.51822
166	4.15414
167	5.26934
168	5.06157
169	4.3551
170	6.8955
171	5.70766
172	5.80741
173	6.66383
174	6.30318
175	7.43801
176	9.12208
177	8.35527
178	9.9946
179	8.56142
180	9.82267
181	8.96679
182	8.83738
183	10.1934
184	9.24565
185	9.08339
186	9.92851
187	9.44977
188	9.24449
189	9.23031
190	7.72452
191	8.32268
192	9.08575
193	7.46339
194	9.37541
195	8.81106
196	8.44441
197	8.59763
198	10.6852
199	11.2635
200	8.78412
201	7.74123
202	10.2204
203	8.22688
204	10.0953
205	9.96905
206	12.2174
207	10.4857
208	8.86506
209	10.0499
210	9.10495
211	9.98841
212	10.4966
213	8.43135
214	6.99294
215	6.81376
216	6.93524
217	7.85059
218	7.25928
219	7.97806
220	7.41232
221	7.92398
222	7.20916
223	7.79285
224	7.78625
225	8.30989
226	7.27699
227	7.22695
228	9.33972
229	7.55048
230	7.35259
231	8.37639
232	8.08686
233	9.38389
234	7.06599
235	7.49772
236	7.30711
237	7.52103
238	7.45879
239	6.07914
240	7.94548
241	7.03317
242	6.90054
243	8.3685
244	6.23383
245	6.72409
246	6.68407
247	7.09744
248	6.63547
249	7.65085
250	6.97274
251	6.38963
252	6.57752
253	7.68188
254	6.03934
255	6.5737
256	6.87326
257	6.09572
258	7.72558
259	6.28691
260	9.08207
261	7.09832
262	8.7535
263	7.01066
264	7.7262
265	8.24555
266	6.35132
267	6.57257
268	6.54466
269	8.50456
270	7.19018
271	8.5715
272	8.50577
273	6.32656
274	4.82867
275	5.87074
276	6.27043
277	6.50138
278	5.16708
279	5.31258
280	5.59605
281	5.16307
282	5.36755
283	5.53143
284	5.57561
285	7.14009
286	6.35909
287	5.45013
288	4.8193
289	3.88947
290	6.86297
291	4.82648
292	5.57461
293	5.40011
294	5.58953
295	4.53549
296	5.90068
297	6.25257
298	4.91537
299	3.9594
300	3.87419
301	3.84024
302	3.0377
================== Frontier ==================
31414	911
31739	910
32225	909
32575	908
33052	907
33771	906
33934	905
34253	904
34888	903
35142	902
35281	901
35302	899
35304	898
35870	897
36184	896
36529	895
37119	894
37532	893
37955	892
38101	891
38488	890
39192	889
39497	888
39693	887
39941	886
40302	885
40663	884
40843	883
40897	882
41190	881
41499	880
41635	879
42027	878
42453	877
42896	876
43204	875
43639	874
43702	873
43786	872
44216	871
44417	870
44455	869
44802	868
45069	867
45221	866
45386	864
45467	863
45794	862
45973	860
46169	859
46389	858
46797	857
46921	856
47542	855
47719	854
47917	853
47917	852
48100	851
48194	850
48763	849
48856	848
48883	847
49253	846
49499	845
49808	844
50464	843
51046	841
51079	840
51097	839
51287	837
51521	836
51663	835
51798	833
52133	832
52218	831
52620	830
52844	828
52921	827
53273	826
53299	825
53591	823
53726	822
53782	821
54057	820
54483	819
54531	818
54819	817
54868	816
55012	815
55266	814
55964	813
56104	812
56165	811
56500	810
56541	809
56730	808
57179	807
57284	806
57404	805
57425	804
57525	803
57827	802
58456	801
58725	800
58927	798
59457	797
59742	796
59925	795
60225	794
60405	793
60455	792
60704	791
61152	790
61589	789
61936	788
62042	787
62106	786
62277	785
62556	784
62706	783
62821	782
62932	781
63278	780
63379	779
63566	778
63941	777
64190	775
64776	774
64874	773
65093	770
65310	769
65458	768
66059	767
66096	766
66732	765
66901	764
67178	763
67721	762
67955	761
68365	760
68627	759
69027	757
69148	756
69181	755
69681	754
70015	753
70169	752
70463	751
70466	750
70746	749
71085	748
71248	746
71289	744
72264	743
72342	742
72543	741
72845	740
73363	739
73606	738
74026	737
74238	736
74411	733
74785	732
74970	731
75301	730
75576	729
75805	728
75952	727
76247	726
76286	725
76531	724
76817	723
77068	722
77241	721
77658	720
78143	719
78357	718
78877	717
79164	716
79300	715
79930	714
80175	713
80244	712
80451	711
81011	710
81171	709
81587	708
81639	707
81784	706
82018	705
82278	704
82475	703
82584	702
82673	701
83149	700
83391	699
83847	698
83855	697
84258	696
84520	693
84846	692
85012	691
85412	690
85522	689
86075	688
86469	687
86563	686
86803	685
86811	684
87165	683
87288	682
87499	680
87753	679
88335	678
88397	677
88474	676
88874	675
89058	674
89061	673
89237	672
89484	671
89768	670
89924	669
90269	668
90281	667
90502	666
90675	665
90838	664
91143	663
91163	662
91175	661
91528	659
92078	658
92359	657
92400	656
92773	655
92826	654
93009	653
93041	652
93343	651
93900	650
93986	649
94022	648
94259	647
94426	646
94979	645
95543	644
95679	642
95994	641
96428	640
96723	639
97312	637
97569	636
97625	635
97706	633
97743	632
98039	631
98238	630
98618	629
98941	628
99115	627
100042	626
100436	624
100625	623
100896	620
100908	619
101233	618
101260	617
101373	616
101822	615
101876	614
102064	613
102165	612
102397	611
102750	610
102887	608
103179	607
103339	604
103447	603
103558	602
104394	601
104501	599
104559	597
104774	596
105035	593
105089	592
105224	591
105380	590
105518	587
105597	586
105769	585
106010	584
106065	582
106142	581
106169	580
106293	579
106407	577
106660	576
106820	574
106931	573
107067	567
107162	564
107280	563
