Frontier size:	28
Weakly effici:	0
Total time:	6.06001
point	 time
0	1.08157
1	0.14658
2	0.0981584
3	0.558456
4	0.303828
5	0.299961
6	0.418385
7	0.408254
8	0.399806
9	0.404729
10	0.307671
11	0.280468
12	0.167467
13	0.0859452
14	0.0968235
15	0.0570572
16	0.122374
17	0.0896522
18	0.159373
19	0.161739
20	0.0456431
21	0.0377299
22	0.0356314
23	0.0375275
24	0.0401132
25	0.0428312
26	0.0394199
27	0.0259301
================== Frontier ==================
24848	192
24904	183
25176	178
25973	169
25989	165
26004	164
26784	163
26807	161
26846	160
26885	158
27319	154
27478	152
27854	151
27909	147
28282	138
28916	137
30141	135
30406	134
31095	129
31117	123
31246	122
31528	116
31857	113
32471	109
33518	107
34186	104
35867	103
36307	102
