Frontier size:	92
Weakly effici:	0
Total time:	32.2213
point	 time
0	1.09452
1	0.308154
2	0.426649
3	0.476492
4	0.423568
5	1.22661
6	0.474905
7	0.859458
8	0.966969
9	0.370803
10	0.763418
11	0.619158
12	0.585565
13	0.353449
14	0.35535
15	0.282244
16	0.306832
17	0.281991
18	0.387984
19	0.462274
20	0.345188
21	0.260355
22	0.306286
23	0.345028
24	0.293554
25	0.222346
26	0.204484
27	0.220764
28	0.199815
29	0.241029
30	0.287073
31	0.225252
32	0.321233
33	0.277183
34	0.251685
35	0.359681
36	0.383504
37	0.249048
38	0.259718
39	0.313997
40	0.329673
41	0.565147
42	0.351372
43	0.319669
44	0.519233
45	0.65459
46	0.57305
47	0.478569
48	0.690411
49	0.758893
50	0.620411
51	0.477276
52	0.437347
53	0.312924
54	0.397633
55	0.400493
56	0.319896
57	0.22478
58	0.191664
59	0.246057
60	0.301114
61	0.384098
62	0.35187
63	0.210653
64	0.390056
65	0.366971
66	0.262928
67	0.257634
68	0.448134
69	0.330805
70	0.426637
71	0.385306
72	0.18568
73	0.238444
74	0.183168
75	0.266778
76	0.250922
77	0.0906862
78	0.0947461
79	0.0869621
80	0.0779835
81	0.0789721
82	0.0839555
83	0.102189
84	0.0968085
85	0.0777759
86	0.103
87	0.0782959
88	0.0690921
89	0.0680308
90	0.0674066
91	0.0439571
================== Frontier ==================
24848	339
24962	327
25016	317
25136	314
25176	307
25516	292
25536	288
25598	287
25662	286
25666	285
25845	284
25884	280
25904	279
25922	277
26017	275
26203	273
26250	271
26295	270
26326	269
26381	268
26442	257
26639	256
26788	253
26833	248
26937	247
27053	246
27127	244
27195	241
27279	239
27336	237
27432	236
27451	234
27547	233
27776	230
27934	229
28154	227
28166	223
28318	219
28470	218
28885	217
29127	216
29199	211
29242	209
29287	208
29387	207
29490	205
29640	202
29838	200
30417	199
30444	197
30495	196
30619	195
30696	193
30700	192
30829	191
31014	189
31026	184
31137	183
31152	178
31596	177
31660	176
31812	174
31851	163
32211	162
32212	159
32286	158
32364	157
32381	156
32512	153
32568	151
32662	150
32747	148
32808	143
32848	140
33788	138
33837	136
33856	135
33865	134
33919	132
33949	131
34223	125
34284	124
34390	121
35139	120
35211	119
35251	118
35418	117
35924	114
35997	113
36080	111
36099	110
36102	109
