Frontier size:	298
Weakly effici:	0
Total time:	782.286
point	 time
0	1.08819
1	0.997428
2	0.888589
3	0.874508
4	1.13924
5	1.57441
6	1.68421
7	2.06952
8	1.62085
9	1.33749
10	0.933809
11	1.12485
12	1.12165
13	1.79151
14	1.04816
15	1.78943
16	1.1084
17	1.56808
18	1.10247
19	0.931242
20	0.999863
21	1.34759
22	1.14693
23	0.96441
24	1.14881
25	1.7588
26	1.50601
27	1.85554
28	3.80897
29	2.74277
30	4.03526
31	3.86295
32	2.46359
33	3.00282
34	4.65378
35	3.469
36	2.60411
37	4.12889
38	6.62919
39	7.14916
40	4.65996
41	7.4818
42	6.51625
43	6.67582
44	7.11838
45	6.58275
46	3.38378
47	2.78625
48	4.20328
49	2.05741
50	2.39084
51	3.19897
52	4.82271
53	7.95235
54	4.34457
55	3.47732
56	2.90255
57	3.52905
58	4.2474
59	3.6157
60	2.88572
61	2.45695
62	2.63452
63	2.03666
64	1.9458
65	1.65597
66	3.24673
67	1.74643
68	2.00766
69	2.12767
70	1.3229
71	2.83949
72	2.12173
73	1.63553
74	1.08391
75	1.25055
76	0.815223
77	0.671445
78	1.29835
79	1.43386
80	1.80785
81	1.72132
82	2.02669
83	2.07839
84	2.28179
85	2.29885
86	2.16695
87	2.38781
88	1.90253
89	1.29054
90	1.06159
91	0.833964
92	0.950585
93	1.04696
94	0.641405
95	0.588682
96	0.757342
97	0.954601
98	0.964661
99	1.15535
100	1.08551
101	0.916768
102	1.48966
103	1.05664
104	1.99779
105	3.22462
106	2.03492
107	1.97669
108	1.47961
109	2.65474
110	3.33691
111	2.46823
112	2.58693
113	2.02901
114	0.742232
115	1.41739
116	1.49433
117	2.38922
118	1.76541
119	2.18246
120	2.07621
121	2.36278
122	3.39108
123	4.58228
124	4.22689
125	4.58576
126	3.62761
127	4.17334
128	4.10373
129	4.18129
130	4.76005
131	5.48973
132	5.28717
133	7.4201
134	7.05661
135	6.77748
136	7.09868
137	3.48766
138	5.18613
139	2.54437
140	1.67056
141	3.93106
142	5.52953
143	4.34608
144	5.72942
145	4.9859
146	6.08193
147	4.91603
148	5.00664
149	4.45951
150	5.0304
151	5.74709
152	7.85893
153	4.15722
154	3.38616
155	3.46571
156	2.19804
157	3.18091
158	2.69514
159	3.22129
160	2.66922
161	2.60417
162	1.7999
163	1.87965
164	1.92793
165	1.58267
166	2.32852
167	3.34619
168	3.91041
169	5.52652
170	4.2299
171	2.49453
172	2.2053
173	2.43589
174	2.5455
175	3.24223
176	3.08472
177	4.87964
178	3.90556
179	3.20997
180	3.63607
181	4.53531
182	3.26135
183	2.59762
184	2.76495
185	3.28683
186	3.65594
187	5.95215
188	3.9715
189	3.4951
190	2.48897
191	3.98266
192	3.33034
193	3.2152
194	3.64183
195	2.31319
196	1.95678
197	1.90979
198	2.16568
199	1.33829
200	1.80369
201	1.34155
202	0.975464
203	5.14228
204	5.2038
205	4.44437
206	6.1092
207	4.35259
208	4.58078
209	4.38994
210	4.83915
211	4.35409
212	3.75912
213	2.70207
214	4.26413
215	3.3761
216	3.35464
217	2.55623
218	3.23035
219	2.85387
220	2.90836
221	1.96241
222	2.6866
223	2.70187
224	2.01616
225	3.12238
226	4.86213
227	2.70647
228	3.37908
229	0.909208
230	0.722747
231	0.534364
232	0.490833
233	0.500017
234	0.41349
235	0.487622
236	0.341629
237	0.622962
238	0.601699
239	0.933912
240	1.52428
241	0.844712
242	1.10589
243	0.747292
244	0.419763
245	0.257906
246	0.565917
247	1.01953
248	1.28506
249	1.25591
250	2.47548
251	1.06369
252	2.3648
253	2.0593
254	1.12953
255	1.01029
256	2.24777
257	1.5028
258	1.18869
259	1.51506
260	1.47403
261	1.1326
262	2.14102
263	1.52378
264	3.79861
265	1.8183
266	3.64436
267	2.13964
268	2.01577
269	2.07777
270	0.664668
271	0.866756
272	1.46206
273	0.947911
274	0.561883
275	0.729195
276	0.80207
277	0.851378
278	0.996237
279	2.10485
280	1.63576
281	2.39753
282	2.06859
283	1.82372
284	2.58467
285	1.83329
286	2.02759
287	0.919186
288	0.680912
289	0.580081
290	0.87103
291	1.26905
292	1.51285
293	2.89673
294	1.7602
295	2.16862
296	2.5451
297	3.3961
================== Frontier ==================
24848	1001
25014	1000
25609	999
26237	998
26799	997
27443	996
27853	995
28168	994
28528	993
28615	992
28811	991
29246	990
29562	989
29983	988
30155	987
30591	986
30841	985
31050	984
31294	983
31572	982
31738	981
31842	980
31995	979
32413	978
32507	977
33200	976
33482	975
33633	974
33978	973
34207	972
34467	971
34739	970
34960	969
35176	968
35402	967
35546	966
35593	965
36042	964
36442	963
36813	962
37062	961
37677	960
38226	959
38295	957
38527	956
38986	955
39333	954
39617	953
39891	952
40090	951
40372	950
40600	949
41189	948
41454	947
41671	945
41940	944
42105	943
42327	942
42684	941
42714	940
42981	939
43028	938
43082	937
43332	936
43505	935
43586	934
43919	933
43990	932
44010	931
44558	930
44567	929
45005	928
45119	927
45356	926
45397	925
45454	924
45550	923
45615	922
46165	921
46400	920
46496	919
46575	918
46781	917
46949	916
47169	915
47504	914
47939	913
48195	912
48477	911
48840	910
48970	909
49093	908
49287	907
49635	906
49692	905
49975	903
50161	902
50515	901
50954	900
51313	899
51598	898
52168	897
52273	896
52554	895
53047	894
53155	893
53450	892
53527	891
53554	890
53865	889
54049	888
54184	887
54312	886
54521	885
54864	884
55397	883
55849	882
56010	881
56077	879
56336	878
56624	877
56724	876
57241	875
57563	874
57848	873
58053	872
58121	871
58517	870
58847	869
59201	868
59476	867
59711	866
60210	865
60476	864
60657	863
61350	862
61668	861
61702	860
61833	859
61885	858
61996	857
62475	856
63054	855
63565	854
63849	853
63970	852
64163	851
64245	850
64477	849
64714	848
64979	847
65304	846
65314	845
65613	844
65684	843
65792	842
65854	841
66262	840
66398	839
66738	838
66757	837
66817	836
66881	835
66898	834
67146	833
67616	831
67867	830
68304	829
68745	828
69009	827
69285	826
69564	825
69916	824
70155	823
70397	821
70842	820
71111	819
71332	818
71667	817
71853	816
72114	815
72345	814
72359	813
72488	812
72692	811
73077	810
73640	808
74107	807
74296	806
74317	805
74470	804
74951	803
75087	802
75143	801
75404	800
75508	799
75591	798
75902	797
76123	796
76181	795
76626	794
76630	793
76716	792
77530	791
77739	790
78204	789
78415	788
78453	787
78556	786
78683	785
79163	784
79593	783
79624	782
79850	781
79991	780
80350	779
80465	778
80911	777
80927	776
80970	775
81187	774
81352	773
81730	772
82273	771
82305	770
82854	769
83087	767
83179	766
83445	765
83683	764
83879	763
83959	762
84076	761
84454	760
84672	759
84897	758
85159	757
85355	756
85705	755
86018	753
87322	752
87508	751
87525	750
87927	749
87995	748
88077	747
88900	746
89460	745
89853	744
89940	743
90437	741
90707	740
90997	739
91539	738
91805	737
91909	736
92540	735
92619	734
92726	733
93158	732
93398	731
93537	730
93897	729
94167	728
94395	727
94595	726
94900	725
95053	724
95165	723
95455	722
95568	721
95987	720
96203	719
96440	718
96504	717
96691	716
96731	715
97055	714
97064	713
97788	712
98103	711
98258	710
98722	709
98795	708
99035	707
99497	706
99514	705
99518	704
99592	703
99854	701
100043	700
100395	699
100690	698
101058	697
101696	696
101832	695
102076	694
102641	693
