Frontier size:	277
Weakly effici:	1
Total time:	261.674
point	 time
0	0.156113
1	0.17451
2	0.172212
3	0.333488
4	0.684994
5	0.532753
6	0.730599
7	0.550885
8	0.510179
9	0.431678
10	0.461272
11	1.25062
12	1.8211
13	1.47034
14	0.937086
15	0.71953
16	0.897162
17	0.71613
18	0.560336
19	1.09247
20	0.661016
21	0.547565
22	0.356789
23	0.284793
24	0.391818
25	0.361327
26	1.03034
27	0.45126
28	0.535375
29	0.522099
30	0.81689
31	1.23037
32	1.3213
33	1.28621
34	1.0106
35	0.750821
36	1.53417
37	1.07158
38	1.50392
39	2.19209
40	2.61802
41	1.7967
42	1.30199
43	2.13352
44	1.70833
45	0.922119
46	0.905724
47	1.15335
48	1.18108
49	1.23036
50	1.31829
51	3.3914
52	2.60133
53	1.80189
54	0.902775
55	0.763365
56	1.04058
57	1.33689
58	2.0912
59	1.90822
60	2.87825
61	4.5727
62	1.30705
63	0.952644
64	0.679823
65	0.703293
66	0.28402
67	0.312918
68	0.398145
69	0.626986
70	1.58395
71	1.24772
72	1.6118
73	1.39986
74	0.90096
75	1.44373
76	1.259
77	1.35754
78	1.04771
79	1.02722
80	0.941146
81	0.919805
82	1.05264
83	1.56895
84	1.07452
85	0.929257
86	0.893854
87	1.37416
88	0.858179
89	0.726079
90	0.845589
91	0.799592
92	0.653774
93	1.34896
94	1.20565
95	1.07463
96	0.713343
97	0.572975
98	0.455745
99	0.570896
100	1.7779
101	0.907639
102	0.750632
103	0.779008
104	1.03344
105	0.560922
106	0.528035
107	0.511426
108	0.514119
109	0.322198
110	1.05448
111	0.567244
112	0.614608
113	0.748978
114	1.18176
115	1.04245
116	0.712684
117	3.26215
118	1.91777
119	0.991658
120	1.13354
121	1.19795
122	0.519841
123	0.623097
124	0.505075
125	0.476081
126	0.836395
127	0.522614
128	0.580156
129	0.887143
130	0.422541
131	0.661857
132	0.41351
133	0.620737
134	0.52197
135	1.16422
136	0.826304
137	0.298343
138	0.450535
139	0.800189
140	0.495505
141	0.373205
142	0.392276
143	0.547414
144	0.376007
145	0.261074
146	0.531375
147	0.381117
148	0.443571
149	0.729337
150	0.485758
151	0.408819
152	0.320686
153	0.348565
154	0.232826
155	0.313862
156	0.365149
157	0.26003
158	0.379563
159	0.393647
160	0.371479
161	0.31466
162	0.256051
163	0.270815
164	0.291111
165	0.220704
166	0.226557
167	0.16395
168	0.219205
169	0.211853
170	0.214186
171	0.352119
172	0.318466
173	0.468318
174	0.383362
175	0.344422
176	0.229344
177	0.433222
178	0.240846
179	0.346977
180	0.356223
181	0.276064
182	0.474217
183	0.54253
184	0.681912
185	1.18039
186	1.02617
187	0.450805
188	1.07739
189	1.18121
190	1.40719
191	1.57038
192	1.4633
193	1.10969
194	1.01745
195	0.791077
196	0.824485
197	1.67247
198	1.493
199	1.11942
200	1.71668
201	0.929083
202	1.11686
203	1.67165
204	1.29983
205	0.978806
206	0.855195
207	1.13191
208	1.59046
209	1.34958
210	1.6825
211	1.57446
212	1.03545
213	1.04055
214	0.488907
215	1.10822
216	0.716333
217	1.05925
218	1.69187
219	1.99942
220	2.29249
221	2.03259
222	2.58102
223	1.14013
224	2.12866
225	2.37071
226	3.90077
227	2.32091
228	1.92576
229	1.59122
230	2.53678
231	1.26528
232	0.924878
233	0.921537
234	0.7621
235	0.534079
236	0.498014
237	0.593179
238	0.385963
239	0.611742
240	0.486509
241	0.484166
242	1.16732
243	0.535209
244	0.669005
245	0.822391
246	0.675719
247	0.907324
248	0.793072
249	0.492613
250	0.318303
251	0.48437
252	0.527486
253	1.1065
254	0.903972
255	1.23265
256	2.28254
257	0.990406
258	1.4783
259	0.95408
260	0.850838
261	0.85251
262	1.22438
263	1.06359
264	0.625789
265	0.466534
266	0.343969
267	0.346155
268	0.23246
269	0.825814
270	1.75733
271	0.789142
272	0.686151
273	0.562784
274	0.554508
275	0.413588
276	0.31263
277	0.319291
================== Frontier ==================
20538	911
21013	910
21447	909
22071	908
22566	907
23032	906
23577	905
23782	904
24161	903
24581	902
24802	901
25370	900
25935	899
26306	898
26537	897
26986	896
27336	895
27539	893
27816	892
28088	891
28264	890
28369	888
28650	887
28797	886
28944	885
29169	884
29766	883
29920	882
30115	881
30454	880
30922	879
31295	878
31396	877
31707	876
31846	875
32134	874
32493	873
32621	872
33005	871
33176	870
33515	869
33562	868
33806	867
34123	866
34281	865
34408	864
34730	863
34846	862
35089	861
35188	860
35525	859
36379	858
36390	857
36512	856
36775	855
36898	854
37181	853
37307	852
37506	851
37627	850
38100	849
38626	848
38808	847
38890	846
39011	845
39259	844
39259	843
39302	842
39392	841
39952	840
40258	839
40417	838
40637	837
40908	836
41006	835
41629	834
41757	833
42098	832
42479	831
42538	830
42798	829
42971	828
43489	827
43746	826
43958	825
44163	824
44316	823
44578	822
44673	821
44851	820
44897	819
45328	818
45479	817
45965	816
45981	815
46331	814
46338	813
46362	812
46385	811
46746	810
47296	809
47398	808
47484	807
47884	806
47915	805
48096	804
48139	803
48336	802
48542	801
48647	800
49621	799
49646	798
49700	797
49759	796
50050	795
50191	794
50318	793
50945	792
51101	791
51201	789
51455	788
51808	787
51913	786
52088	785
52237	784
52489	783
52695	782
52837	781
52909	780
53212	779
53476	778
54086	777
54121	776
54290	775
54397	774
54776	773
54808	771
55072	770
55357	769
55781	768
56004	767
56087	766
56343	765
56498	764
56652	763
56761	762
57237	761
57487	760
57847	759
58088	758
58149	757
58255	756
58354	755
58392	753
58713	752
59496	751
60034	750
60409	749
60534	748
60797	746
60828	745
61109	744
61419	743
61642	742
61865	741
62351	740
63034	739
63397	737
63936	736
64314	735
64362	734
64729	733
65102	732
65378	731
65495	730
65809	729
66275	728
66553	727
66708	726
66907	725
67168	724
67444	723
67999	722
68211	721
68723	720
69140	719
69187	718
69446	717
70051	716
70372	715
70512	714
70768	713
71007	712
71038	711
71239	710
71403	709
71626	708
71922	707
71967	706
72312	705
72347	704
72374	703
72553	702
72773	700
73064	699
73127	698
73381	697
73501	696
73552	694
73559	693
73669	692
74040	691
74696	690
74757	689
74872	688
75134	687
75168	686
75468	685
76073	684
76495	683
76802	682
76923	680
77042	679
77203	678
77756	677
77962	676
78245	675
78329	674
78475	673
78693	672
78772	671
78852	670
79087	669
79258	668
79559	667
79777	666
79907	665
80084	664
80357	663
80485	662
80607	661
80723	660
80897	659
81053	658
81135	657
81544	656
81865	655
81973	654
82114	653
82298	652
82621	651
82862	650
83041	649
83081	648
83479	647
83659	646
83992	645
84117	643
84332	642
84538	641
84713	640
84929	639
85187	638
85494	636
85739	635
85746	634
85913	633
86094	632
86278	631
87103	630
87367	629
87458	628
87661	626
87947	625
88097	624
88249	623
88451	622
88988	621
