Frontier size:	18
Weakly effici:	0
Total time:	1.51637
point	 time
0	0.313843
1	0.155852
2	0.14946
3	0.0870434
4	0.0885933
5	0.0908665
6	0.0967024
7	0.0768673
8	0.0519839
9	0.0453091
10	0.0466292
11	0.0468124
12	0.0518809
13	0.0333933
14	0.036587
15	0.0276043
16	0.0224933
17	0.0237046
================== Frontier ==================
24532	177
24752	176
24771	159
25064	151
25299	149
25771	143
25979	137
26033	129
26369	128
27338	123
27436	122
27959	120
28182	115
28397	110
28975	106
29399	105
29970	99
30522	97
