Frontier size:	133
Weakly effici:	0
Total time:	135.031
point	 time
0	0.330831
1	0.386789
2	0.311842
3	0.478068
4	0.544382
5	0.57646
6	0.333087
7	0.21451
8	0.28012
9	0.423155
10	0.518476
11	0.846209
12	0.533985
13	0.423178
14	0.428951
15	0.428122
16	0.445416
17	0.563737
18	0.575932
19	0.833242
20	0.810216
21	1.23628
22	1.1353
23	1.09332
24	0.739602
25	0.501746
26	0.447556
27	0.55337
28	0.528074
29	0.759793
30	0.730124
31	0.47207
32	0.93131
33	1.04949
34	0.776837
35	0.478147
36	1.1136
37	1.29893
38	1.53861
39	1.46284
40	0.592655
41	0.947204
42	0.884537
43	0.801297
44	0.651957
45	0.978663
46	0.735968
47	0.772941
48	0.771942
49	1.26248
50	0.759812
51	1.12509
52	1.14283
53	1.07593
54	0.832904
55	1.36814
56	1.68462
57	0.77169
58	1.17317
59	0.598637
60	0.633037
61	1.78526
62	2.26987
63	1.74039
64	1.96796
65	1.62748
66	2.02536
67	2.21101
68	2.82181
69	1.87544
70	1.67012
71	2.09208
72	1.4383
73	0.650091
74	0.980391
75	1.25864
76	2.25747
77	1.9076
78	3.27568
79	1.344
80	1.31189
81	2.42872
82	1.89194
83	1.89047
84	1.22592
85	1.6942
86	1.36675
87	1.23354
88	1.33665
89	1.22201
90	1.36349
91	2.2006
92	1.81194
93	2.13197
94	1.65221
95	1.72904
96	1.61201
97	2.046
98	0.96545
99	0.77356
100	1.3313
101	1.27393
102	1.02023
103	1.61597
104	1.1943
105	1.09452
106	1.29185
107	0.870681
108	0.86045
109	0.657335
110	0.82199
111	0.726085
112	1.01882
113	0.736293
114	0.502111
115	0.428586
116	0.659986
117	0.597879
118	0.70585
119	0.825978
120	0.720778
121	0.300383
122	0.261128
123	0.255679
124	0.188986
125	0.252186
126	0.128893
127	0.0863541
128	0.0869186
129	0.0859839
130	0.0832265
131	0.0789189
132	0.0787541
================== Frontier ==================
24532	508
24613	492
24630	426
24739	419
24826	415
24855	412
24862	411
24959	409
24988	404
25190	403
25347	394
25416	386
25424	385
25460	379
25496	372
25575	371
25631	366
25683	365
25795	362
25816	360
25917	358
25980	354
26233	349
26426	343
26488	336
26528	332
26546	330
26550	327
26686	326
26727	324
26870	318
26885	312
26931	309
27051	299
27191	298
27246	297
27456	294
27761	292
27865	288
27917	284
27998	281
28161	273
28252	265
28444	264
28481	262
28565	256
28572	255
28759	254
28781	252
28972	249
28987	248
29105	243
29193	242
29267	237
29433	236
29568	234
29626	226
29697	222
29781	220
29835	218
29925	216
30021	215
30064	212
30077	211
30209	208
30321	207
30504	204
30597	203
30630	199
30861	196
30960	195
31119	191
31296	188
31362	187
31552	186
31658	184
31740	181
31806	179
32100	178
32224	177
32261	174
32499	163
32502	161
32521	159
32535	158
32548	156
32688	155
32731	151
32736	150
32836	149
32888	147
33039	143
33084	142
33188	141
33322	139
33454	135
33522	133
33655	129
33684	127
33898	126
34061	125
34123	122
34304	119
34512	118
34739	117
34783	115
34828	113
34871	112
34919	110
34967	107
35049	105
35212	103
35348	102
35483	100
35536	98
35542	97
35572	94
35625	92
35743	91
35761	89
35984	86
36092	83
36125	78
36241	77
36318	71
36761	68
36773	62
36793	61
37467	59
37549	53
37623	49
37839	48
37981	45
