Frontier size:	279
Weakly effici:	0
Total time:	934.337
point	 time
0	0.304246
1	0.565297
2	0.455367
3	1.09981
4	1.7914
5	1.94634
6	2.91344
7	1.82707
8	2.69926
9	2.67794
10	2.05655
11	2.11053
12	2.99608
13	1.71659
14	3.41697
15	4.14507
16	3.47424
17	3.85826
18	3.36774
19	4.4124
20	3.04238
21	5.48785
22	1.75769
23	3.53305
24	2.84577
25	2.73824
26	4.42568
27	4.73723
28	3.20783
29	2.84985
30	3.09976
31	3.56223
32	2.27427
33	6.37257
34	5.40723
35	4.8403
36	7.32338
37	4.8996
38	4.85763
39	3.64599
40	2.91699
41	3.95572
42	3.90269
43	3.00605
44	3.14668
45	2.17893
46	5.48407
47	3.80439
48	2.93344
49	1.64737
50	2.8787
51	4.23237
52	2.8811
53	3.13671
54	2.67022
55	3.81328
56	1.49398
57	2.22493
58	1.91405
59	2.12657
60	1.78664
61	4.82763
62	2.14768
63	2.30971
64	6.9869
65	2.81002
66	4.91873
67	5.41563
68	9.16753
69	9.93567
70	8.19037
71	5.54548
72	8.85626
73	6.97741
74	6.21503
75	10.3798
76	2.99938
77	4.03322
78	5.00435
79	1.94117
80	3.60417
81	5.23967
82	7.14304
83	7.78933
84	2.85889
85	3.92517
86	3.49507
87	2.98798
88	2.62624
89	3.47254
90	4.01074
91	3.7955
92	7.14025
93	3.30731
94	2.19371
95	3.17657
96	2.49053
97	1.85446
98	2.38743
99	2.74411
100	2.33411
101	2.48113
102	0.845073
103	1.56127
104	1.78954
105	1.06847
106	0.761647
107	0.678461
108	0.87127
109	0.729251
110	0.687499
111	1.39365
112	1.5143
113	2.99484
114	3.09363
115	3.80796
116	1.19452
117	2.27979
118	3.93354
119	3.66265
120	4.41692
121	3.28633
122	4.2279
123	3.48502
124	2.05249
125	2.5199
126	2.79238
127	1.93255
128	2.13227
129	3.23696
130	1.9603
131	7.262
132	3.18827
133	0.921769
134	2.34685
135	3.25764
136	1.82706
137	1.2807
138	1.9307
139	1.30065
140	2.24354
141	2.36888
142	3.42643
143	3.01498
144	4.00812
145	2.44926
146	1.62499
147	1.16576
148	1.36059
149	1.37785
150	1.36726
151	1.80062
152	1.78395
153	1.59236
154	2.46532
155	2.42605
156	2.539
157	1.22614
158	2.74389
159	2.47508
160	1.58174
161	1.87128
162	2.32202
163	2.15359
164	1.56185
165	0.808155
166	2.55061
167	0.967048
168	0.9453
169	1.67436
170	1.67817
171	2.85732
172	2.01224
173	3.03945
174	2.53148
175	3.5921
176	1.79361
177	2.63291
178	3.70267
179	5.2768
180	3.33891
181	3.11068
182	2.18977
183	2.23581
184	3.32602
185	2.15952
186	1.43404
187	1.86838
188	1.93112
189	2.46518
190	2.07712
191	2.85314
192	3.65222
193	1.9602
194	3.09199
195	4.20353
196	3.04551
197	3.26894
198	2.98526
199	3.79262
200	3.18019
201	4.36187
202	3.99342
203	3.22103
204	3.7516
205	4.05178
206	2.66858
207	4.03503
208	3.48554
209	3.34668
210	2.4563
211	6.06873
212	4.8141
213	3.95346
214	4.20367
215	4.19278
216	5.56956
217	4.88478
218	4.02381
219	3.32675
220	5.37414
221	3.72815
222	5.18505
223	4.78848
224	5.17009
225	3.43057
226	3.84616
227	4.82197
228	3.58732
229	4.6158
230	3.60963
231	4.31345
232	3.57982
233	3.68579
234	2.86319
235	3.23952
236	3.39983
237	3.84122
238	4.62184
239	4.3502
240	2.53278
241	2.66238
242	2.42642
243	4.51552
244	4.35999
245	5.11975
246	4.37905
247	3.78598
248	3.86552
249	2.2195
250	3.73285
251	3.65076
252	3.42132
253	4.38672
254	4.45727
255	3.27327
256	5.00794
257	5.91449
258	6.16652
259	4.92257
260	5.9016
261	5.84022
262	5.56731
263	4.44227
264	5.25065
265	5.77033
266	4.63459
267	4.22937
268	3.64032
269	3.67308
270	4.53192
271	4.01724
272	4.08018
273	2.53452
274	3.55828
275	2.60623
276	1.87244
277	2.87041
278	3.48093
================== Frontier ==================
24532	911
25152	910
25564	909
26104	908
26509	907
26913	906
27497	905
27653	904
28274	903
28513	902
28733	901
28915	900
29432	899
29570	898
29884	897
30081	896
30446	895
30835	894
31240	893
31682	892
32087	891
32515	889
32536	888
32859	887
33050	886
33210	885
33858	884
34346	883
34493	882
34583	881
34967	880
35376	879
35575	878
36050	877
36120	876
36236	875
36513	874
36634	873
36854	872
37008	871
37132	870
37338	869
37463	868
37692	867
38000	866
38018	865
38536	864
38859	863
39050	862
39126	861
39351	860
39627	859
39745	858
39975	857
40086	856
40442	855
40589	854
40638	853
40760	852
40967	851
41187	850
41424	849
41484	848
41833	847
42271	846
42334	845
42731	844
42839	843
43125	842
43409	841
43568	839
43871	838
44180	837
44413	836
44520	835
44842	833
44912	832
45089	831
45471	830
45555	829
45728	828
46081	827
46422	826
46681	825
46883	824
47053	823
47444	822
47670	821
47773	820
48041	819
48450	818
48458	817
48861	816
48887	815
49146	814
49343	813
49760	812
49962	811
50133	810
50278	809
50572	808
50847	807
50980	805
51595	804
51896	803
51935	802
52049	801
52175	800
52657	799
53026	798
53312	797
53881	796
54260	795
54960	793
55411	792
55519	790
55703	789
56131	788
56359	787
56723	786
57012	785
57150	784
57438	783
57497	782
57516	781
57692	780
58129	779
58436	778
58463	777
58682	776
58770	775
59107	774
59265	773
59615	772
59918	771
60195	770
60207	769
60401	768
60533	767
60650	766
61078	765
61564	764
61893	763
62191	762
62530	761
62632	760
62941	759
63062	758
63203	757
63257	756
63263	755
63797	754
63817	753
64003	752
64406	751
64620	750
65140	749
65302	748
65723	747
65871	746
66035	745
66205	744
66277	743
66662	742
66676	741
66823	740
67227	739
67496	738
67777	737
67952	736
68318	735
68613	734
68708	733
69193	732
69285	731
69421	730
69538	729
69691	728
70044	727
70295	726
70492	725
70646	724
70825	723
70918	722
71209	721
71311	720
71509	719
71878	718
72351	717
72645	716
72734	715
73018	714
73087	713
73346	712
73635	710
74042	709
74077	708
74500	707
74998	706
75150	705
75226	704
75592	703
75940	700
76428	699
76609	698
76678	697
76942	696
77117	695
77461	694
77479	693
77558	692
78260	691
78358	690
78452	689
78919	688
79012	687
79500	686
79761	685
79909	683
79920	682
80288	681
80402	680
80975	679
81243	678
81339	677
81484	676
82045	675
82331	674
82338	673
82536	672
82734	671
82866	670
83034	669
83309	668
83451	667
83590	666
83766	665
83893	664
84375	663
84628	662
84732	660
85011	659
85112	658
85634	657
85691	656
85915	655
86005	654
86172	653
86431	652
86763	651
86812	650
86914	649
87077	648
87572	647
87793	646
87900	645
88617	644
88724	643
88932	642
88972	641
89363	640
89670	639
89719	638
90091	637
90399	636
90905	635
91056	634
91297	631
91531	630
91649	627
91764	626
92012	625
92175	624
92226	622
92419	621
92593	620
92838	619
93166	618
93819	617
