Frontier size:	139
Weakly effici:	0
Total time:	8.56848
point	 time
0	0.0317533
1	0.024555
2	0.0387854
3	0.0409807
4	0.0340106
5	0.0402778
6	0.0420497
7	0.0657043
8	0.035365
9	0.0426864
10	0.0339535
11	0.06041
12	0.0396377
13	0.0408235
14	0.0343846
15	0.0396633
16	0.0927904
17	0.061274
18	0.0529755
19	0.0509887
20	0.0403316
21	0.0555119
22	0.0475607
23	0.0628178
24	0.029498
25	0.0422762
26	0.0533079
27	0.0397067
28	0.0389152
29	0.0338444
30	0.0371612
31	0.0352032
32	0.0336607
33	0.035156
34	0.0435562
35	0.0408748
36	0.089399
37	0.0826428
38	0.0455645
39	0.0877526
40	0.0383646
41	0.0292528
42	0.060976
43	0.0557815
44	0.0486169
45	0.0505005
46	0.0364222
47	0.0350008
48	0.0398734
49	0.0628892
50	0.0444093
51	0.0477211
52	0.0391481
53	0.0424067
54	0.045203
55	0.0346782
56	0.0509731
57	0.056786
58	0.0360237
59	0.036324
60	0.0400999
61	0.0396032
62	0.044824
63	0.0363167
64	0.0363799
65	0.031869
66	0.0316154
67	0.0182518
68	0.0320713
69	0.0325007
70	0.0374019
71	0.0517007
72	0.0238868
73	0.0250791
74	0.0486675
75	0.0720434
76	0.0799924
77	0.0795067
78	0.0760515
79	0.0672784
80	0.0695863
81	0.0511807
82	0.080632
83	0.080679
84	0.0921069
85	0.101015
86	0.0915297
87	0.0824623
88	0.0897629
89	0.0717239
90	0.0534416
91	0.0664765
92	0.0652149
93	0.0676119
94	0.0504656
95	0.0542633
96	0.109041
97	0.0543539
98	0.0552296
99	0.0639204
100	0.0683432
101	0.0983965
102	0.0762198
103	0.060339
104	0.0390517
105	0.0772139
106	0.0736684
107	0.0720381
108	0.14461
109	0.150972
110	0.0894244
111	0.0559006
112	0.0761553
113	0.101434
114	0.100443
115	0.0599136
116	0.0967311
117	0.120777
118	0.0960592
119	0.126459
120	0.108752
121	0.114569
122	0.155117
123	0.1651
124	0.0922652
125	0.250129
126	0.0900169
127	0.0665536
128	0.0453243
129	0.0364226
130	0.0679718
131	0.0593556
132	0.0790218
133	0.0811283
134	0.0412972
135	0.047258
136	0.0505341
137	0.0343554
138	0.046853
================== Frontier ==================
7777	850
7921	849
8223	848
8256	847
8334	844
8528	842
8572	841
8954	839
8995	838
9321	837
9514	836
9942	835
9953	833
10059	832
10265	831
10345	824
10447	821
10557	820
10732	819
10810	818
10917	817
11254	806
11469	803
11821	797
11876	796
12023	795
12207	794
12306	792
12307	791
12384	790
12556	789
12860	788
13030	783
13142	782
13344	780
13490	779
13706	778
13734	777
13982	775
14138	774
14216	772
14229	771
14363	767
14373	765
14376	760
14443	759
14456	757
14828	756
15088	755
15393	753
15431	752
16013	749
16087	746
16411	743
16600	742
16778	741
16936	740
16964	732
17083	731
17098	730
17576	727
17594	725
17789	722
18076	720
18150	715
18245	712
18416	711
18419	703
18628	693
18629	692
18659	691
19200	682
19236	680
19528	678
19791	677
20042	674
20166	671
20236	667
20421	666
20422	661
20547	658
20951	655
21256	654
21331	647
21346	646
21617	645
21706	639
21726	636
21797	634
21895	633
21909	631
21956	629
22089	625
22185	624
22300	620
22460	619
22522	618
22656	607
22668	606
22778	605
22984	603
23098	598
23257	593
23362	589
23596	588
23669	587
23856	583
24009	578
24048	576
24156	574
24175	566
24207	564
24263	556
24482	543
24654	542
24827	541
24943	536
25076	534
25194	532
25205	529
25454	526
25484	522
25561	519
25634	516
25709	503
25870	500
25922	492
26064	476
26101	460
26157	418
26169	417
26244	388
26343	385
26351	379
26397	367
26528	357
26604	322
26627	316
26645	313
