Frontier size:	30
Weakly effici:	0
Total time:	21.0658
point	 time
0	2.97198
1	1.81819
2	1.40926
3	1.4629
4	1.54915
5	1.1444
6	2.22358
7	1.58812
8	1.70514
9	1.03634
10	0.993842
11	0.209601
12	0.244518
13	0.217425
14	0.0957794
15	0.43978
16	0.473905
17	0.41787
18	0.168067
19	0.137968
20	0.145262
21	0.181053
22	0.0621368
23	0.0629566
24	0.0563192
25	0.0291838
26	0.0213132
27	0.0281666
28	0.0221058
29	0.0341943
================== Frontier ==================
32321	268
32404	198
32448	189
32473	179
32486	178
32533	177
33264	176
33316	174
33327	170
33515	168
33537	159
34521	154
34560	153
34864	151
35100	149
36271	143
36641	142
36687	140
37179	137
37233	129
38417	128
40638	123
41436	122
42659	120
42882	115
43797	110
45075	106
46199	105
47470	99
48722	97
