Frontier size:	28
Weakly effici:	0
Total time:	18.6329
point	 time
0	3.02549
1	1.77443
2	1.43846
3	0.984367
4	1.16325
5	1.4088
6	1.44866
7	2.16647
8	0.896326
9	0.342325
10	0.470701
11	0.684269
12	0.182722
13	0.316358
14	0.441495
15	0.275551
16	0.150779
17	0.180484
18	0.152417
19	0.107929
20	0.0959056
21	0.095088
22	0.0641867
23	0.365831
24	0.0983583
25	0.0535181
26	0.0705514
27	0.0714736
================== Frontier ==================
32321	292
32376	274
32404	201
32437	190
32467	186
32491	185
32510	183
32916	180
32946	173
32948	172
33025	170
33407	167
33431	163
34385	162
34405	157
35686	153
35695	151
35884	149
35906	145
36390	143
36396	142
36430	141
36445	140
36585	135
37687	134
37735	133
39664	130
39806	129
