Frontier size:	309
Weakly effici:	0
Total time:	7092.31
point	 time
0	2.94815
1	3.78993
2	4.33532
3	8.61575
4	8.36238
5	7.96679
6	3.35146
7	10.4597
8	11.2663
9	14.5938
10	44.9358
11	41.0417
12	9.80674
13	4.36049
14	7.3571
15	10.0987
16	10.9315
17	7.50457
18	10.9587
19	7.98668
20	13.5934
21	21.1608
22	9.54129
23	318.565
24	560.949
25	136.85
26	12.5796
27	17.2369
28	14.266
29	64.1451
30	25.0297
31	80.6627
32	46.008
33	136.164
34	32.2813
35	24.8502
36	9.35217
37	8.54827
38	8.46393
39	7.29296
40	127.191
41	11.3705
42	16.3551
43	86.8898
44	150.311
45	11.4088
46	28.58
47	12.8684
48	8.21693
49	9.74185
50	11.4255
51	13.4679
52	7.27764
53	8.95169
54	5.82543
55	9.82456
56	11.8244
57	7.7328
58	8.39819
59	9.28161
60	11.1194
61	7.80371
62	9.76751
63	8.31413
64	8.63282
65	8.52418
66	14.8476
67	9.54282
68	12.1607
69	13.3327
70	17.5378
71	14.7669
72	7.21079
73	8.6584
74	8.67088
75	9.6073
76	8.10972
77	8.993
78	9.5918
79	23.9088
80	30.9477
81	54.8408
82	9.54087
83	7.66326
84	8.40325
85	55.4947
86	45.8384
87	9.17391
88	11.137
89	25.3644
90	18.4541
91	29.0962
92	18.1008
93	13.6672
94	11.4055
95	8.89937
96	9.55126
97	15.033
98	11.9739
99	6.13841
100	7.8106
101	4.8363
102	8.92557
103	4.35315
104	8.61954
105	6.68192
106	6.42594
107	4.85729
108	6.29068
109	4.64465
110	8.04202
111	8.19537
112	7.94766
113	812.154
114	570.864
115	43.3357
116	11.9623
117	6.56071
118	19.1463
119	6.71288
120	6.09469
121	15.5904
122	8.57344
123	5.73326
124	7.98679
125	4.35184
126	6.55245
127	20.5173
128	12.8341
129	9.72388
130	14.5021
131	6.62314
132	17.5983
133	9.90232
134	11.204
135	7.00469
136	3.63813
137	4.49075
138	4.92243
139	5.78369
140	7.73481
141	7.86451
142	6.81598
143	5.33136
144	3.88457
145	6.17055
146	5.0078
147	6.31258
148	5.02034
149	4.05707
150	4.26155
151	4.84202
152	5.06759
153	5.0255
154	4.14975
155	4.89255
156	4.49828
157	3.33977
158	5.70487
159	5.15232
160	5.65392
161	3.98637
162	7.31452
163	11.4819
164	7.12123
165	11.1683
166	7.72334
167	11.0093
168	14.9347
169	9.00422
170	15.617
171	8.0379
172	7.7335
173	9.73661
174	11.8077
175	9.78572
176	6.47361
177	5.62967
178	7.74263
179	8.80735
180	17.0459
181	6.58483
182	7.11918
183	7.21692
184	15.826
185	10.4991
186	8.3237
187	6.96282
188	8.67903
189	8.5478
190	8.56821
191	6.41816
192	6.57035
193	8.26705
194	7.5425
195	6.56318
196	9.93464
197	7.87508
198	8.46478
199	7.63656
200	8.72117
201	9.93445
202	8.88269
203	8.8829
204	6.31678
205	6.16907
206	4.60065
207	8.93837
208	20.4405
209	8.12631
210	14.3378
211	8.25761
212	13.0741
213	7.12609
214	7.19167
215	11.0879
216	7.67784
217	9.26912
218	9.01072
219	7.77223
220	13.2339
221	9.03824
222	12.8688
223	7.38516
224	6.63349
225	8.22519
226	7.85226
227	7.9402
228	6.96014
229	6.2779
230	3.89512
231	5.75212
232	5.23828
233	5.95135
234	7.25441
235	6.53139
236	8.06197
237	8.05113
238	7.55427
239	7.05855
240	6.632
241	5.99696
242	8.02485
243	7.92411
244	9.42617
245	6.12649
246	5.4913
247	21.1175
248	7.00266
249	7.71844
250	7.9841
251	11.6412
252	11.3183
253	19.0601
254	8.20728
255	14.2477
256	13.3585
257	129.909
258	13.9167
259	11.7136
260	11.9273
261	11.5868
262	12.1299
263	12.2617
264	9.41627
265	9.26012
266	7.59344
267	9.24204
268	9.54421
269	9.23871
270	8.02256
271	10.3911
272	8.95637
273	11.258
274	14.0821
275	8.7976
276	16.6791
277	12.4452
278	10.0427
279	7.66363
280	16.4079
281	346.014
282	16.5677
283	22.4549
284	71.3478
285	118.649
286	15.2376
287	12.146
288	124.274
289	48.094
290	8.87217
291	9.47897
292	12.4396
293	12.1942
294	11.7732
295	19.0009
296	11.3796
297	9.56098
298	13.6901
299	8.50876
300	6.56249
301	7.97434
302	9.77458
303	11.2935
304	20.0596
305	15.5576
306	19.4477
307	19.3774
308	39.1416
================== Frontier ==================
32321	911
32999	910
33739	909
34482	908
34806	907
35563	906
35735	905
36128	904
36324	903
36414	902
36748	901
36923	900
37102	899
37253	898
37417	897
37815	896
38024	895
38234	894
39025	893
39162	892
39580	891
39748	890
39915	889
40023	888
40470	887
40884	886
41044	885
41392	884
41668	883
42005	882
42190	881
42436	880
42750	879
42817	878
42983	877
43524	876
43525	875
43843	874
43853	873
44041	872
44384	871
44524	870
44559	868
45244	867
45630	866
45816	865
46152	864
46218	863
46460	862
46605	861
46927	860
47269	859
47457	858
47638	857
47685	856
47922	855
48309	854
48726	853
48825	852
48891	851
49101	850
49246	849
49442	848
50115	847
50428	846
50686	845
50945	844
51048	843
51147	842
51683	841
52083	840
52275	839
52565	838
52651	837
52850	836
52996	835
53082	833
53305	831
54027	830
54512	829
55057	828
55277	827
55541	826
55616	825
55619	824
55826	823
56127	822
56285	821
56425	820
56634	819
57009	818
57610	817
57989	816
58252	815
58272	813
58513	812
58953	811
59678	810
59818	806
60054	805
60265	804
60356	803
60704	802
60846	801
61156	800
61402	799
61570	798
61696	797
61875	796
62076	795
62744	794
62879	793
63211	792
63617	791
64105	790
64394	789
64608	788
64682	787
64794	786
65122	785
65203	784
65459	782
65775	781
66163	780
66585	779
66688	778
67027	777
67490	776
67614	775
67879	773
68429	772
68444	771
68989	770
69188	769
69343	768
69558	767
69667	766
69792	765
70006	764
70436	763
70533	762
70556	761
70814	760
70980	758
71018	757
71523	756
71819	755
71998	754
72119	753
72475	752
72548	751
72872	750
73140	749
73379	748
73471	747
73512	746
73564	745
73785	744
74220	743
74509	742
74660	741
74742	740
75417	739
75760	738
75888	737
76166	736
76323	735
76529	734
76627	733
76820	732
77394	731
77577	730
78074	729
78204	728
78460	727
78660	726
78807	725
78998	724
79420	723
79750	722
79963	721
80086	720
80441	719
80612	718
80885	717
80909	715
80960	714
81073	712
81329	711
81691	710
81939	709
82012	708
82078	707
82785	706
82989	705
83348	704
83504	703
83748	702
83958	701
84323	700
84644	699
84743	698
85202	697
85255	696
85277	695
85348	694
85442	693
86215	692
86597	691
86738	690
87052	689
87724	688
87976	687
87984	686
88418	685
88720	684
88840	682
89445	681
89485	680
89570	679
89892	678
89954	677
89991	676
90141	674
90216	673
90593	672
90761	670
91303	669
91673	668
91693	667
91720	666
91849	665
92201	664
92324	663
92536	662
92881	661
93020	660
93947	659
94145	658
94336	657
94659	656
95034	654
95193	653
95359	652
95485	651
95627	650
95723	649
96136	648
96228	647
96314	646
96970	645
97440	644
97991	643
98251	642
98420	641
98752	640
98784	639
98961	638
99179	637
99572	636
99912	634
100081	633
100295	632
100555	629
100624	628
100839	627
100984	626
101036	625
101141	623
101259	622
101722	621
102196	620
102361	619
102573	618
102919	617
102966	615
103017	614
103292	612
103430	611
103504	610
103600	609
103974	607
104053	606
104116	605
104247	604
104348	603
104430	600
104543	599
104859	598
105024	597
105367	596
105483	595
105642	594
105761	593
105841	592
105863	590
105976	589
106260	588
106288	587
106314	584
106349	582
106566	580
106779	579
107064	578
107587	577
107744	575
108044	573
108176	572
108430	570
