Frontier size:	34
Weakly effici:	0
Total time:	8.4137
point	 time
0	0.538227
1	0.405303
2	0.28624
3	0.533838
4	1.07512
5	0.817751
6	0.749785
7	0.22216
8	0.213857
9	0.219637
10	0.258726
11	0.279909
12	0.395741
13	0.393893
14	0.344787
15	0.193928
16	0.101046
17	0.188931
18	0.156756
19	0.115971
20	0.085541
21	0.085723
22	0.0653171
23	0.169606
24	0.0620715
25	0.0520696
26	0.0512677
27	0.0487429
28	0.0395219
29	0.0271556
30	0.0327949
31	0.0240043
32	0.0309415
33	0.0239416
================== Frontier ==================
25540	180
25560	178
26066	177
26196	176
27599	173
27647	172
27660	169
27677	165
27678	162
27832	159
28208	157
28231	156
28498	154
28523	151
28614	150
28783	149
28784	144
28811	141
28814	140
29145	137
29588	134
29867	131
29870	129
30135	128
30924	125
31044	123
31659	122
32002	115
33279	111
33563	110
34444	106
35456	105
36643	99
37009	97
