Frontier size:	53
Weakly effici:	0
Total time:	33.3756
point	 time
0	0.558562
1	0.533126
2	0.417713
3	0.339176
4	0.288609
5	0.372332
6	0.746667
7	1.04784
8	1.49461
9	1.37488
10	1.21423
11	1.34523
12	1.18346
13	1.34524
14	1.05203
15	1.21258
16	1.31602
17	0.889395
18	0.566584
19	0.426437
20	0.682169
21	0.682225
22	0.564349
23	0.790397
24	0.613048
25	0.629749
26	0.543848
27	0.450388
28	0.369928
29	0.578047
30	0.538488
31	0.952441
32	0.634848
33	0.505214
34	0.765509
35	0.817717
36	0.928803
37	0.761612
38	0.266631
39	0.390012
40	0.828216
41	0.143029
42	0.130102
43	0.353415
44	0.286709
45	0.13879
46	0.0971751
47	0.168982
48	0.10954
49	0.0800656
50	0.224596
51	0.214601
52	0.232319
================== Frontier ==================
25540	291
25616	252
25622	243
25808	241
25822	239
25909	234
25963	233
26090	229
26329	224
26422	223
26452	218
26473	216
26553	212
26593	211
26622	210
26720	207
26799	204
26817	199
27218	194
27234	191
27535	190
27546	189
27608	188
27697	185
27810	184
27820	183
27900	181
27925	179
28056	178
28061	176
28137	175
28842	172
28891	171
28895	169
28942	168
28973	164
29117	161
29274	160
29365	155
29427	154
29803	152
29887	150
29987	148
30485	146
30892	145
31655	144
31839	143
32045	142
32062	140
32069	138
32562	137
33015	136
33026	134
