Frontier size:	335
Weakly effici:	0
Total time:	1141.63
point	 time
0	0.490057
1	0.417956
2	0.990753
3	1.45412
4	0.802121
5	1.14793
6	1.10092
7	1.5423
8	1.04127
9	0.975773
10	1.00203
11	1.06746
12	0.915997
13	1.67223
14	1.90056
15	2.30976
16	3.12945
17	2.77343
18	2.29418
19	1.90247
20	1.58225
21	1.61399
22	1.86643
23	1.97436
24	2.09353
25	2.15814
26	2.06294
27	1.01403
28	1.22808
29	1.24941
30	1.72824
31	1.61586
32	2.57566
33	2.08913
34	1.98509
35	1.70412
36	2.82201
37	2.74093
38	3.62797
39	2.07966
40	2.76215
41	1.90545
42	2.2908
43	4.27334
44	4.19914
45	6.55626
46	6.83533
47	4.97605
48	6.07136
49	6.43611
50	7.01934
51	6.84179
52	4.91065
53	6.51684
54	5.05181
55	3.29158
56	6.42028
57	4.99865
58	4.14791
59	3.86183
60	3.57705
61	2.24432
62	2.52186
63	3.56753
64	2.4776
65	2.3474
66	1.52452
67	1.20974
68	1.18503
69	1.50835
70	2.28222
71	1.50183
72	1.95241
73	2.06922
74	1.58688
75	1.5025
76	2.17277
77	3.26851
78	2.64507
79	3.35618
80	2.62431
81	2.31338
82	3.17379
83	2.05392
84	5.81547
85	8.02191
86	8.26658
87	5.74696
88	8.79565
89	7.84573
90	7.74331
91	6.04389
92	4.67478
93	3.37627
94	2.3242
95	3.26863
96	2.9511
97	2.04882
98	6.95573
99	5.79705
100	7.18295
101	3.66606
102	2.53755
103	2.37908
104	4.60621
105	3.11003
106	5.56041
107	3.76126
108	5.40659
109	4.12336
110	3.90704
111	4.18613
112	2.80834
113	3.09121
114	3.33172
115	2.6255
116	3.03174
117	3.60376
118	1.43511
119	1.85142
120	2.22368
121	3.23515
122	2.46712
123	2.43408
124	2.40231
125	1.93022
126	2.52007
127	3.25913
128	5.43694
129	2.67558
130	4.12364
131	2.98282
132	2.37471
133	3.07447
134	2.34279
135	2.16689
136	1.59626
137	1.80062
138	1.65477
139	2.0461
140	1.36764
141	0.923875
142	1.38087
143	0.733863
144	1.49958
145	1.41907
146	2.29088
147	1.76394
148	3.26099
149	0.915628
150	1.14096
151	1.20816
152	1.06987
153	0.861053
154	1.5188
155	2.17773
156	1.99233
157	1.54853
158	2.04429
159	2.11926
160	3.44243
161	3.23946
162	2.63943
163	1.97721
164	1.7168
165	4.17013
166	4.7488
167	5.03022
168	5.25859
169	7.00493
170	3.43816
171	3.72986
172	4.53232
173	4.54672
174	3.4764
175	3.76909
176	3.30921
177	3.05937
178	1.61682
179	1.40844
180	2.52356
181	2.86495
182	2.42486
183	3.13959
184	3.64684
185	3.29294
186	3.95754
187	6.29913
188	6.40371
189	4.86356
190	8.39421
191	6.87873
192	5.80643
193	5.45518
194	5.46172
195	6.00297
196	8.60859
197	5.40468
198	6.19254
199	8.84825
200	7.08992
201	6.1441
202	6.50289
203	8.49299
204	6.39108
205	6.03078
206	4.74731
207	4.03587
208	3.88004
209	6.43059
210	5.02216
211	3.09288
212	2.756
213	3.23559
214	3.77884
215	2.93865
216	3.08897
217	2.62118
218	1.88341
219	3.13468
220	2.08297
221	1.15949
222	1.93478
223	3.15364
224	2.88809
225	3.10281
226	5.15022
227	3.18001
228	3.20535
229	2.98259
230	1.77169
231	4.6963
232	2.99939
233	2.87261
234	2.16146
235	1.18167
236	0.739808
237	0.899061
238	1.30071
239	1.26097
240	1.38781
241	0.977138
242	1.15281
243	1.42684
244	1.25865
245	2.61394
246	2.80919
247	4.08131
248	4.08487
249	2.75814
250	4.08905
251	5.06465
252	3.82151
253	4.15364
254	4.41801
255	3.36589
256	4.59132
257	4.05172
258	4.9424
259	3.41837
260	4.83469
261	2.4835
262	2.049
263	1.79844
264	1.74747
265	2.07706
266	2.13193
267	2.90069
268	3.4115
269	3.80406
270	3.98731
271	3.88868
272	2.44001
273	1.97521
274	3.10468
275	3.43366
276	3.86087
277	3.51208
278	3.72434
279	2.91613
280	4.89285
281	4.59399
282	4.35929
283	5.01641
284	2.69486
285	4.38979
286	3.6616
287	3.91681
288	3.78942
289	3.52791
290	3.91393
291	4.49933
292	3.34012
293	1.33624
294	3.20549
295	2.66101
296	2.8027
297	2.56928
298	3.63037
299	3.66838
300	3.52819
301	2.49715
302	3.84817
303	4.33155
304	5.85786
305	4.71258
306	3.18781
307	5.12459
308	3.62117
309	4.22025
310	3.56731
311	4.08478
312	2.90234
313	4.78413
314	5.22337
315	7.77822
316	7.73655
317	4.46609
318	3.86687
319	3.70196
320	5.87588
321	3.08978
322	4.29937
323	4.216
324	3.70322
325	3.49503
326	4.10188
327	5.3509
328	3.95343
329	3.40935
330	5.2826
331	2.65029
332	5.40874
333	7.23319
334	5.52035
================== Frontier ==================
25540	911
25785	910
26472	909
26779	908
26898	907
27354	906
27714	905
28240	904
28665	903
29121	902
29253	901
29687	899
30086	898
30483	896
30856	895
31079	894
31306	893
31535	892
31870	891
31952	890
32065	889
32282	888
32716	887
32922	886
33204	885
33297	884
33462	883
33795	882
34102	881
34232	880
34304	879
34946	878
35131	877
35387	876
35658	875
35696	874
36171	873
36682	872
37129	871
37137	870
37475	869
37644	868
37793	867
38393	866
39171	865
39401	864
39563	863
39608	862
39708	861
40026	860
40162	859
40325	858
40410	857
40731	856
40817	854
40885	853
41101	852
41271	851
41487	850
41616	849
41936	848
42162	847
42425	846
42626	845
42678	844
43103	843
43303	842
43420	841
43450	840
43666	839
44065	838
44097	837
44364	836
44506	835
44555	834
44602	833
45062	832
45884	831
46006	830
46356	828
47156	827
47248	826
47412	825
47543	824
47991	823
48501	822
48598	821
48836	820
49046	819
49113	818
49455	817
49630	816
49653	814
49992	813
50280	812
50394	811
50773	810
51135	809
51448	808
51693	807
51992	806
52026	805
52086	804
52249	803
52740	802
52814	800
53330	799
53538	798
54155	796
54348	795
54708	794
55163	793
55342	792
55635	791
55748	790
55911	789
56225	788
56802	787
56919	786
57351	785
57767	784
58189	783
58267	782
58356	781
58725	780
58907	779
59227	778
59254	777
59588	776
59635	775
60084	774
60089	773
60203	772
60551	771
60600	770
60724	768
60864	767
61128	766
61349	765
61589	764
61746	763
61919	762
62176	760
62390	759
62999	758
63200	757
63291	756
63645	755
64018	753
64150	752
64424	751
64475	750
64607	749
64809	748
65239	747
65463	746
66013	745
66154	744
66388	743
67061	740
67639	739
67900	738
68227	737
68450	736
68680	735
69152	734
69584	733
70001	732
70130	731
70382	730
70686	729
70794	727
70925	726
71167	725
71205	724
71239	723
71515	722
71970	721
72171	720
72592	719
72837	718
73584	717
73640	716
74102	715
74441	714
74509	713
74720	712
75249	711
75352	710
75828	709
76552	708
76578	707
76623	706
76857	705
76992	704
77350	703
77964	702
78191	701
78215	700
78621	699
78743	698
78746	697
78785	696
78989	695
79060	694
79287	692
79483	691
79631	690
79977	689
80135	688
80380	687
81145	686
81178	685
81318	684
81374	683
81438	682
81505	681
81647	680
81761	679
82273	678
82280	677
82334	676
82471	675
83200	674
83299	673
83541	672
84123	671
84227	669
84565	668
84928	667
85044	666
85410	665
85635	664
85732	663
85746	662
85953	661
86313	660
86343	659
86686	658
87036	657
87377	656
87702	655
87891	654
88214	653
88683	652
88955	651
89153	650
89429	649
89617	648
89694	646
90391	645
90520	644
90751	643
90808	642
90875	641
90934	640
91347	639
91473	638
91682	637
91871	636
92244	633
92503	632
92890	631
92982	630
93086	629
93225	628
93607	627
93933	626
94101	625
94237	624
94322	623
94527	622
94735	621
94797	620
95102	619
95183	618
95492	616
95831	615
95883	614
95995	612
96354	611
96525	610
96621	609
96705	608
96798	607
97011	606
97125	605
97293	604
97422	603
97548	602
97602	601
97775	600
97822	599
98203	598
98743	597
99055	596
99131	595
99132	594
99530	593
99654	592
99737	590
99809	589
99890	588
100271	587
100651	586
100761	585
100792	584
100835	583
100945	582
101054	581
101175	580
101265	579
101357	578
101396	577
101411	576
101531	575
101656	574
101745	573
101885	572
102143	571
102315	570
102539	569
102683	568
102991	567
103048	566
103129	564
103271	562
103451	561
103495	560
103614	558
103824	550
103929	549
104157	548
104335	547
104502	545
