Frontier size:	127
Weakly effici:	0
Total time:	9.17854
point	 time
0	0.0669508
1	0.0404701
2	0.0677885
3	0.0728937
4	0.0790566
5	0.0635823
6	0.0640787
7	0.0444213
8	0.0588686
9	0.058594
10	0.0472477
11	0.0902077
12	0.119885
13	0.0920581
14	0.0847263
15	0.136692
16	0.0848794
17	0.0958715
18	0.122829
19	0.0731532
20	0.0751925
21	0.107948
22	0.0983987
23	0.0848532
24	0.0432032
25	0.0552966
26	0.0476598
27	0.0410133
28	0.0588307
29	0.0379498
30	0.070149
31	0.0811595
32	0.0785992
33	0.0438748
34	0.0456301
35	0.0393929
36	0.104979
37	0.0710809
38	0.107122
39	0.0684328
40	0.0543857
41	0.0944976
42	0.0627103
43	0.0492497
44	0.0972676
45	0.0701598
46	0.103989
47	0.103314
48	0.0512241
49	0.0571334
50	0.0604853
51	0.0674685
52	0.0810099
53	0.0520012
54	0.0583907
55	0.0610413
56	0.0604321
57	0.0350439
58	0.0587956
59	0.0641151
60	0.0939322
61	0.0699114
62	0.0380305
63	0.0430673
64	0.0762083
65	0.203572
66	0.0865667
67	0.075691
68	0.0545215
69	0.0430979
70	0.0349926
71	0.0622459
72	0.0361192
73	0.0480418
74	0.0450789
75	0.0663599
76	0.0798983
77	0.0517039
78	0.172423
79	0.0600954
80	0.0779026
81	0.0412029
82	0.0383322
83	0.0318879
84	0.0726258
85	0.0952398
86	0.0393526
87	0.0397785
88	0.0385182
89	0.0615486
90	0.0481842
91	0.0500167
92	0.057415
93	0.062477
94	0.0476544
95	0.0442032
96	0.041542
97	0.0415404
98	0.0424196
99	0.0826449
100	0.0875343
101	0.0618196
102	0.0891725
103	0.0521701
104	0.0582986
105	0.0646967
106	0.0745088
107	0.085801
108	0.0605526
109	0.076962
110	0.0483417
111	0.202696
112	0.164628
113	0.0367069
114	0.0738004
115	0.137909
116	0.0777118
117	0.0567034
118	0.0354958
119	0.0424005
120	0.0912078
121	0.0368924
122	0.0373211
123	0.0802872
124	0.166086
125	0.348493
126	0.0417812
================== Frontier ==================
9488	850
9600	847
10273	846
10494	845
10732	844
10789	843
10817	840
10923	835
11246	833
11367	831
11543	830
11639	828
11783	826
12034	823
12286	819
12512	813
12702	812
12789	810
13076	809
13139	808
13158	807
13262	805
13273	804
13471	803
13634	802
13679	801
13812	794
13886	793
14075	792
14117	791
14216	790
14369	789
14415	787
14418	786
14498	785
14676	782
15122	778
15296	775
15703	771
15865	765
15985	763
16138	760
16446	757
16506	754
16631	751
16633	750
16923	749
17004	748
17171	743
17661	741
17670	735
17854	733
18115	730
18357	728
18987	725
19309	724
19428	715
19513	713
19604	710
19907	708
19985	705
20057	697
20106	694
20262	692
20263	690
20576	689
20582	688
20704	687
20958	683
21012	678
21254	675
21438	671
21715	670
21800	668
22100	665
22256	664
22356	663
22418	662
22577	659
22729	655
22820	653
22870	650
23152	647
23297	645
23396	640
23451	635
23773	633
23807	632
24098	631
24484	623
24666	621
24777	618
24837	617
24936	615
24945	611
25046	609
25131	608
25241	604
25367	603
25565	601
25671	600
25706	591
25773	589
25903	588
25948	587
26040	583
26125	566
26133	564
26302	560
26362	552
26387	549
26697	546
26808	541
26815	539
26983	532
27082	528
27236	519
27389	516
27452	510
27564	507
27680	482
27757	389
27896	363
27927	357
27974	351
27989	344
28042	326
