Frontier size:	142
Weakly effici:	0
Total time:	9.77637
point	 time
0	0.0652034
1	0.0423699
2	0.0907423
3	0.0989009
4	0.0507723
5	0.0494134
6	0.0445538
7	0.0496888
8	0.0458301
9	0.039265
10	0.0659233
11	0.0945735
12	0.0644002
13	0.0460551
14	0.0901709
15	0.0752556
16	0.0652509
17	0.0839496
18	0.153321
19	0.160224
20	0.212237
21	0.119424
22	0.0766509
23	0.0640446
24	0.0790446
25	0.0588586
26	0.112745
27	0.053245
28	0.0396085
29	0.029404
30	0.0528772
31	0.0423398
32	0.0282066
33	0.0489083
34	0.0429127
35	0.0517327
36	0.0690857
37	0.0658101
38	0.0911974
39	0.0833295
40	0.123831
41	0.0993906
42	0.0612991
43	0.116792
44	0.143568
45	0.0425628
46	0.102518
47	0.0954578
48	0.0469473
49	0.0733701
50	0.0548129
51	0.0553882
52	0.049726
53	0.0419619
54	0.0460726
55	0.05273
56	0.0525846
57	0.0340758
58	0.0484008
59	0.0279469
60	0.0770493
61	0.0494723
62	0.0933102
63	0.0876766
64	0.0629465
65	0.0471742
66	0.057586
67	0.056754
68	0.101764
69	0.0734014
70	0.0660139
71	0.050948
72	0.032512
73	0.0439442
74	0.0602444
75	0.0756899
76	0.0358578
77	0.0314645
78	0.0317115
79	0.0308531
80	0.0592741
81	0.0700855
82	0.0617503
83	0.0898235
84	0.0322184
85	0.0467064
86	0.0746485
87	0.0350466
88	0.0713731
89	0.0618669
90	0.0343601
91	0.0350795
92	0.0388375
93	0.0384576
94	0.0960579
95	0.0450754
96	0.047621
97	0.0381547
98	0.0495769
99	0.0347408
100	0.0551171
101	0.114947
102	0.0744734
103	0.0813016
104	0.092072
105	0.0662221
106	0.0661419
107	0.114298
108	0.0933498
109	0.0504749
110	0.0598647
111	0.0364442
112	0.0947588
113	0.0404572
114	0.105758
115	0.0989774
116	0.0613999
117	0.0883746
118	0.163597
119	0.0878729
120	0.179641
121	0.0985573
122	0.125542
123	0.132569
124	0.0309106
125	0.0770632
126	0.0617013
127	0.039474
128	0.0663626
129	0.0441217
130	0.0511364
131	0.0534593
132	0.0415388
133	0.0417666
134	0.0491729
135	0.0324577
136	0.0512857
137	0.0551912
138	0.114049
139	0.0914478
140	0.0521848
141	0.117079
================== Frontier ==================
11088	850
11144	847
11388	846
11486	845
11599	842
11776	840
12143	838
12193	836
12352	834
12408	833
12711	832
12987	831
13089	830
13166	829
13356	827
13561	826
13566	822
13898	819
14082	814
14411	813
14602	808
14728	807
14961	805
14977	804
15016	802
15117	799
15353	796
15606	795
15847	788
16033	787
16647	785
16714	781
16897	780
17062	778
17276	777
17342	772
17442	770
17461	769
17997	768
18107	760
18272	759
18502	756
18511	752
18630	750
18767	746
18957	744
19018	739
19325	736
19680	734
19736	729
19783	728
19807	723
19928	721
19992	717
20143	711
20223	710
20305	709
20420	708
20677	707
20836	705
21557	703
21736	702
21920	701
22004	697
22397	689
22665	688
22977	687
23081	685
23189	681
23311	678
23320	676
23531	673
23619	670
23693	668
23838	665
23840	661
23953	660
24039	659
24055	658
24154	645
24433	640
24552	637
24573	633
24696	630
24787	628
24953	626
25079	625
25238	624
25465	622
25556	620
25685	605
25852	604
25972	602
26054	598
26178	597
26233	596
26366	595
26488	586
26550	584
26592	582
26737	579
26815	578
27010	575
27035	574
27200	573
27250	572
27382	571
27530	558
27548	555
27631	552
27788	550
27882	549
27934	541
28107	534
28252	519
28408	517
28609	511
28762	507
28933	502
28939	499
29000	483
29046	482
29308	479
29351	469
29356	362
29409	329
29448	327
29452	326
29543	318
29577	316
29802	297
29832	289
29856	285
29920	280
29921	278
30053	275
30144	272
30224	271
30399	261
30417	242
30646	238
30737	232
