Frontier size:	154
Weakly effici:	0
Total time:	6.29355
point	 time
0	0.0594193
1	0.0496317
2	0.0462113
3	0.0545338
4	0.0404037
5	0.038341
6	0.0523838
7	0.0379498
8	0.0367536
9	0.0463364
10	0.032303
11	0.0267028
12	0.0133356
13	0.0245729
14	0.0281509
15	0.0227812
16	0.0336676
17	0.0978074
18	0.163962
19	0.115633
20	0.0802072
21	0.0743542
22	0.069366
23	0.0861956
24	0.0470891
25	0.0431267
26	0.0597655
27	0.0601642
28	0.044075
29	0.070736
30	0.0815855
31	0.0734606
32	0.0513467
33	0.0369069
34	0.0365385
35	0.0296773
36	0.0385115
37	0.0403682
38	0.0314862
39	0.0241682
40	0.0396854
41	0.0540222
42	0.0394807
43	0.0312262
44	0.0444606
45	0.041784
46	0.0254179
47	0.0331381
48	0.0527648
49	0.0251033
50	0.039539
51	0.0392527
52	0.0208686
53	0.0235385
54	0.0237464
55	0.0307566
56	0.0360109
57	0.0276452
58	0.0297096
59	0.0306572
60	0.0261495
61	0.0285033
62	0.0318206
63	0.0631794
64	0.0377621
65	0.0281476
66	0.0311279
67	0.0267379
68	0.0485035
69	0.0365253
70	0.0326469
71	0.0507418
72	0.0440876
73	0.0318338
74	0.0345229
75	0.0511517
76	0.0416533
77	0.0419659
78	0.0269108
79	0.0262506
80	0.041555
81	0.0426483
82	0.0370733
83	0.0293086
84	0.0276636
85	0.0304642
86	0.0323863
87	0.030822
88	0.0434345
89	0.019965
90	0.0236718
91	0.023816
92	0.0310728
93	0.0384185
94	0.029226
95	0.0178921
96	0.0279611
97	0.0268155
98	0.0297004
99	0.0360557
100	0.0390379
101	0.0438665
102	0.0620823
103	0.0451188
104	0.0508397
105	0.0567525
106	0.0529974
107	0.0410824
108	0.0564713
109	0.0336687
110	0.0479177
111	0.0387747
112	0.0319406
113	0.061663
114	0.0530719
115	0.0478542
116	0.0587714
117	0.0759257
118	0.045981
119	0.0599228
120	0.0356649
121	0.0330344
122	0.0477706
123	0.0658414
124	0.0354581
125	0.044231
126	0.0692672
127	0.054337
128	0.0472742
129	0.0531696
130	0.0892306
131	0.037288
132	0.0399313
133	0.0335193
134	0.0677473
135	0.0409108
136	0.0358195
137	0.02573
138	0.0232225
139	0.0280047
140	0.00879486
141	0.00781834
142	0.00965063
143	0.00929345
144	0.0127393
145	0.0157885
146	0.00961092
147	0.0138779
148	0.0183726
149	0.0187124
150	0.0218184
151	0.0191511
152	0.0183146
153	0.019623
================== Frontier ==================
8462	850
8662	848
8833	847
8999	846
9014	845
9384	842
9568	841
9577	840
9624	838
9694	836
9889	832
10075	831
10106	829
10162	828
10519	827
10843	826
11055	823
11350	822
11489	819
11578	811
11781	808
11930	804
11956	803
11968	802
12037	801
12430	800
12683	798
12736	797
12827	796
13082	792
13094	789
13123	787
13385	784
13563	783
13710	781
13869	779
14119	778
14256	774
14360	770
14768	768
14884	767
14966	761
15208	760
15500	759
15666	756
15757	750
16143	749
16591	747
16807	745
16810	744
16845	743
17038	741
17151	740
17186	739
17248	726
17370	725
17465	724
17492	722
17654	721
17756	720
17781	716
18289	707
18464	704
18880	699
18883	697
18927	696
19047	692
19091	690
19141	689
19181	684
19323	682
19522	676
19568	673
19733	672
20018	670
20190	668
20208	667
20278	665
20345	662
20623	659
20796	655
20842	653
20940	652
21013	643
21263	641
21663	639
21684	636
21764	635
22123	632
22125	630
22364	627
22517	625
22726	624
22932	622
22938	619
22972	613
23013	609
23132	606
23423	603
23703	600
23738	599
23911	597
24090	591
24092	585
24724	579
24873	578
24897	577
25041	575
25272	570
25336	565
25479	558
25629	552
25796	547
26069	526
26127	510
26168	498
26262	495
26328	494
26394	483
26482	464
26494	454
26745	410
26905	399
27109	395
27239	358
27240	356
27256	333
27307	323
27404	319
27501	302
27644	294
27666	289
27755	273
27793	271
27866	269
27898	266
27910	261
27914	257
27972	251
28078	243
28432	222
28464	218
28597	211
28598	206
28786	203
28843	202
28959	199
28976	198
29131	196
29223	192
29229	183
29364	182
29408	175
29624	172
