Instance	 PP	 WP	 T. time
1_0	3	0	0.111594
1_1	3	0	0.140185
1_2	154	0	9.41488
2_0	3	0	0.129148
2_1	12	0	0.428787
2_2	125	0	5.80806
3_0	3	0	0.0791648
3_1	24	0	0.82671
3_2	130	0	9.61617
4_0	3	0	0.147104
4_1	6	0	0.297548
4_2	147	0	11.7589
5_0	4	0	0.117181
5_1	10	0	0.363343
5_2	133	0	9.42818
6_0	2	0	0.0452534
6_1	3	0	0.0868646
6_2	139	0	8.56848
7_0	4	0	0.230792
7_1	5	0	0.465155
7_2	127	0	9.17854
8_0	4	0	0.242486
8_1	15	0	1.21918
8_2	142	0	9.77637
9_0	5	0	0.125921
9_1	6	0	0.144532
9_2	154	0	6.29355
10_0	2	0	0.0530997
10_1	13	0	0.325876
10_2	135	0	4.4689
11_0	5	0	0.137427
11_1	14	1	0.401979
11_2	126	1	8.76883
12_0	7	0	0.149726
12_1	8	0	0.327693
12_2	136	0	11.8942
13_0	13	0	0.441858
13_1	17	0	1.5353
13_2	162	1	37.1627
14_0	10	0	0.22055
14_1	9	0	0.206887
14_2	169	0	19.0632
15_0	14	0	0.552111
15_1	12	0	0.5524
15_2	158	1	51.7876
16_0	14	0	0.614037
16_1	15	0	1.25626
16_2	179	1	88.4942
17_0	12	0	0.321022
17_1	9	0	0.302512
17_2	164	0	28.9387
18_0	11	0	0.268177
18_1	28	0	0.60732
18_2	212	0	25.8255
19_0	12	0	0.380549
19_1	12	0	0.427766
19_2	165	1	33.3845
20_0	13	0	0.750603
20_1	18	0	2.48727
20_2	178	0	57.0231
21_0	11	0	0.353771
21_1	16	0	0.587335
21_2	167	0	24.9404
22_0	10	0	0.22859
22_1	5	0	0.151381
22_2	170	0	18.607
23_0	11	0	0.265108
23_1	30	0	2.68323
23_2	174	0	50.5437
24_0	14	0	1.03965
24_1	21	0	2.17616
24_2	170	0	94.8082
25_0	1	0	0.669768
25_1	2	0	0.77547
25_2	54	0	11.7737
26_0	1	0	0.424184
26_1	58	1	9.41685
26_2	39	0	8.66868
27_0	1	0	0.791808
27_1	75	1	10.3916
27_2	45	0	13.6578
28_0	1	0	1.25782
28_1	1	0	1.15666
28_2	36	0	10.2201
29_0	1	0	0.986775
29_1	60	1	60.9795
29_2	54	0	36.3836
30_0	1	0	2.32895
30_1	1	0	2.20812
30_2	49	0	35.4186
31_0	1	0	2.42823
31_1	16	1	26.0161
31_2	45	0	44.8314
32_0	1	0	2.43913
32_1	38	1	42.0223
32_2	48	0	55.4896
33_0	1	0	0.246545
33_1	30	0	2.75406
33_2	39	0	8.39077
34_0	1	0	0.194532
34_1	2	0	0.318535
34_2	45	0	7.3332
35_0	1	0	0.194165
35_1	1	0	0.196994
35_2	43	0	7.03213
36_0	1	0	0.188023
36_1	2	0	0.289374
36_2	29	0	6.93895
37_0	1	0	0.179552
37_1	1	0	0.180732
37_2	43	0	5.6519
38_0	1	0	0.179709
38_1	1	0	0.170388
38_2	39	0	5.32941
39_0	1	0	0.124283
39_1	58	1	4.29224
39_2	43	0	6.72664
40_0	1	0	0.135263
40_1	57	1	5.62572
40_2	43	0	6.02218
41_0	8	0	0.749855
41_1	13	0	0.934036
41_2	56	0	6.11421
42_0	19	0	1.91976
42_1	21	0	2.84565
42_2	68	0	74.1685
43_0	25	0	2.27779
43_1	54	0	34.9579
43_2	121	1	116.518
44_0	2	0	0.100069
44_1	16	0	0.909961
44_2	121	1	17.255
45_0	15	0	1.05026
45_1	15	0	1.75946
45_2	168	1	71.0588
46_0	24	0	2.61523
46_1	19	0	2.27451
46_2	147	1	175.359
47_0	9	0	0.304049
47_1	13	0	0.440582
47_2	119	0	9.77684
48_0	9	0	0.1955
48_1	15	0	0.428132
48_2	158	1	52.3396
49_0	16	0	0.70838
49_1	20	1	1.65288
49_2	169	1	121.01
50_0	4	0	1.00044
50_1	10	0	1.02385
50_2	46	0	6.36555
51_0	3	0	1.64418
51_1	2	0	1.5063
51_2	42	1	17.6201
52_0	5	0	0.286198
52_1	5	0	0.289094
52_2	36	0	2.29329
53_0	3	0	0.260187
53_1	12	0	1.93675
53_2	28	0	4.07731
54_0	6	0	0.259295
54_1	8	0	0.349033
54_2	61	0	4.91456
55_0	6	0	0.563488
55_1	8	0	1.1485
55_2	63	0	14.3789
56_0	17	0	5.3183
56_1	128	1	49.5243
56_2	332	1	523.123
57_0	24	1	23.7365
57_1	14	0	39.677
57_2	345	0	1161.97
58_0	29	1	78.1066
58_1	40	0	79.7713
58_2	279	0	916.929
59_0	35	0	17.8389
59_1	27	0	31.7468
59_2	329	0	668.564
60_0	12	0	0.6991
60_1	31	0	3.047
60_2	338	0	249.224
61_0	20	0	2.30871
61_1	120	1	143.233
61_2	309	1	1166.33
62_0	26	1	17.6863
62_1	36	0	29.0971
62_2	329	0	1755.89
63_0	25	0	3.2451
63_1	28	0	7.29242
63_2	340	0	654.177
64_0	12	0	0.70316
64_1	9	0	0.765718
64_2	280	0	121.359
65_0	19	0	1.80007
65_1	61	0	19.5734
65_2	335	0	1157.76
66_0	30	0	20.3052
66_1	38	0	35.5206
66_2	302	1	2872.63
67_0	28	0	6.06001
67_1	92	0	32.2213
67_2	298	0	782.286
68_0	13	0	0.75915
68_1	10	0	1.05247
68_2	277	1	261.674
69_0	18	0	1.51637
69_1	133	0	135.031
69_2	279	0	934.337
70_0	30	0	21.0658
70_1	28	0	18.6329
70_2	309	0	7092.31
71_0	34	0	8.4137
71_1	53	0	33.3756
71_2	335	0	1141.63
