Frontier size:	26
Weakly effici:	0
Total time:	55.6291
point	 time
0	1.69889
1	0.956692
2	1.5253
3	1.20428
4	0.917746
5	0.82695
6	2.68526
7	2.52041
8	0.79322
9	0.799058
10	2.25726
11	0.882247
12	0.79007
13	1.58778
14	1.53041
15	1.39862
16	1.80159
17	2.0674
18	1.68033
19	1.55028
20	1.03622
21	0.969707
22	1.39134
23	1.87604
24	1.27297
25	0.854838
================== Frontier ==================
18619.3	101
18632.5	98
18694	78
18711.1	75
18723	74
18729.2	72
18844.6	70
18868.2	67
18886.5	66
18900.1	62
18980.6	59
19088.3	56
19114.4	52
19526.8	51
19633.2	50
19660	49
19707.8	47
19827.8	46
19905.4	45
20415.9	43
20805.6	42
21281.9	41
21475.2	40
22357.7	39
22918.2	38
23244.9	37
