Frontier size:	60
Weakly effici:	0
Total time:	140.421
point	 time
0	1.70105
1	1.17376
2	2.05764
3	1.49129
4	1.53662
5	1.47489
6	1.22979
7	1.41854
8	1.47788
9	1.32956
10	1.31633
11	1.17553
12	1.19757
13	1.43477
14	1.32115
15	1.09603
16	1.28259
17	2.27013
18	1.54139
19	1.33163
20	1.50604
21	1.38742
22	1.14754
23	1.9536
24	1.68158
25	1.50475
26	1.44496
27	1.66404
28	2.59453
29	2.22286
30	2.42872
31	1.88748
32	2.14187
33	3.17968
34	2.24389
35	2.73251
36	2.32281
37	2.05229
38	1.57149
39	1.18799
40	1.41605
41	1.62097
42	1.97365
43	1.48544
44	2.09215
45	1.75874
46	1.59931
47	1.73705
48	1.50453
49	1.16631
50	1.60063
51	1.60013
52	1.40652
53	1.1667
54	1.57355
55	2.49082
56	1.36364
57	1.10218
58	0.869801
59	1.22826
================== Frontier ==================
18619.3	126
18645.8	123
18704.6	118
18729.7	110
18734.2	101
18755.4	94
18833.8	93
18851.5	92
18881.9	90
18886.3	89
18888.5	88
18928.1	87
18960.7	83
18976.7	80
19012.3	79
19031.1	77
19057.6	76
19124	74
19130.2	73
19168.3	72
19179.4	71
19202.7	70
19208.5	69
19270	68
19286.5	66
19317.9	64
19338.7	62
19347.7	59
19441.2	57
19444.6	56
19517.8	55
19518.1	54
19557.3	51
19582.1	50
19588.2	49
19623.5	48
19675.5	47
19699.1	46
19710.3	44
19764.7	43
19773.3	41
19833	40
20005.6	38
20011.4	37
20095.9	36
20321.3	35
20343.6	34
20360.9	33
20365.3	29
20417.1	28
20499.1	27
20714.4	26
20737.5	25
20808.8	23
21060.8	22
21596	21
21671.2	20
21915	19
21934.5	16
22320.7	15
