Frontier size:	47
Weakly effici:	0
Total time:	99.1056
point	 time
0	1.67988
1	1.08192
2	0.956773
3	0.745514
4	0.804883
5	1.21234
6	3.70134
7	3.37092
8	2.24107
9	2.47509
10	1.44827
11	2.73038
12	1.90212
13	2.61874
14	2.00627
15	2.47642
16	1.54239
17	1.30733
18	1.31644
19	1.55237
20	1.56169
21	1.80738
22	1.58322
23	1.72356
24	1.34469
25	2.05354
26	1.68101
27	1.52216
28	2.07509
29	4.01905
30	2.84673
31	2.55118
32	1.0663
33	1.32481
34	1.21946
35	1.02644
36	1.34705
37	1.75001
38	1.81244
39	1.45559
40	3.47531
41	1.33828
42	1.50251
43	1.47076
44	1.52974
45	1.45646
46	1.04944
================== Frontier ==================
18619.3	393
18691.8	392
18724.1	391
18793.6	390
18921.8	389
19103.6	388
19268.5	387
19497.3	386
19647	385
19740.1	384
19847.9	383
20082.4	382
20188.1	381
20340.3	380
20384.8	379
20433	378
20474	377
20528	376
20605.8	375
20728.8	374
20874.3	373
21010.4	372
21083.5	371
21149.6	370
21196.2	369
21323.3	368
21345.9	367
21546.2	366
21755.9	365
21876.4	364
21953.3	363
22084.8	362
22098	361
22165.1	360
22225.3	359
22516.6	358
22712.8	357
22888.8	356
22949.6	355
22979	354
23211.1	353
23255.6	352
23485.4	351
23652.9	350
23731.3	349
23867	348
24205.8	347
