Frontier size:	31
Weakly effici:	0
Total time:	76.9898
point	 time
0	2.70777
1	1.87418
2	2.56025
3	1.93979
4	2.431
5	2.57036
6	3.84839
7	4.59003
8	2.60726
9	1.94099
10	1.35709
11	2.33611
12	2.63466
13	2.75791
14	2.53949
15	2.09858
16	1.68145
17	3.10151
18	2.10931
19	1.73556
20	1.98292
21	2.003
22	1.12165
23	0.744596
24	0.894391
25	0.951818
26	0.56637
27	0.370202
28	0.321151
29	0.3256
30	0.31478
================== Frontier ==================
10861.3	111
10868.1	101
10930.3	98
10978.1	97
11083.5	91
11142.2	88
11256.7	87
11288	83
11376.3	81
11413.4	77
11437.1	76
11536	70
11565.9	69
11716.9	66
11725.2	65
11918.3	64
11927.9	62
12018.9	59
12389.2	56
12743	55
13170.5	54
13175.5	53
13537.9	52
13561.1	51
13679.8	50
13768.3	49
14060.5	47
14309.5	46
14381.8	45
14799.3	44
15273.7	43
