Frontier size:	34
Weakly effici:	0
Total time:	82.6926
point	 time
0	2.71143
1	2.11983
2	1.69059
3	1.70244
4	2.57821
5	2.24476
6	4.29113
7	2.75002
8	3.47018
9	1.1526
10	1.63514
11	2.64121
12	1.8224
13	3.62826
14	2.6661
15	2.42346
16	3.66837
17	1.33528
18	1.65333
19	1.51337
20	1.74684
21	2.12791
22	2.89714
23	1.93162
24	1.61753
25	1.29273
26	0.400222
27	0.476909
28	0.454677
29	0.410387
30	0.504689
31	0.445017
32	0.389099
33	0.391355
================== Frontier ==================
10861.3	108
10868.1	101
10902.5	100
10978.1	95
11083.5	90
11116.8	88
11256.7	85
11288	84
11376.3	78
11413.4	77
11446	75
11536	73
11565.9	68
11676.1	67
11759.2	65
11927.8	63
12018.9	60
12028.3	59
12445.9	58
12478.8	57
12790.7	56
13195.5	54
13461.1	53
13500.4	52
13506.2	51
13679.8	49
13930	48
14251.7	47
14282.6	46
14313.7	45
14423	44
14656.2	43
15123.4	42
16103.7	41
