Frontier size:	37
Weakly effici:	0
Total time:	158.249
point	 time
0	2.68541
1	1.73388
2	3.00709
3	3.11675
4	2.43208
5	2.25053
6	2.82117
7	3.06658
8	3.28467
9	2.45217
10	2.18003
11	1.93086
12	2.44649
13	3.82923
14	4.06061
15	4.54259
16	6.15953
17	4.79208
18	7.86521
19	5.06213
20	4.38109
21	3.37445
22	3.23574
23	3.04054
24	3.25394
25	3.49086
26	8.16319
27	9.34861
28	2.56159
29	7.15838
30	5.63962
31	7.17614
32	3.35544
33	4.5078
34	2.40272
35	3.52935
36	2.87552
================== Frontier ==================
10861.3	393
10984.9	392
11156.2	391
11438.9	390
11462.8	389
11495.4	388
11647.2	387
11762.1	386
11837.1	385
11927.2	384
11981.9	383
12112.7	382
12154.9	381
12510.7	380
12578.1	379
12737.5	378
12812.1	377
12992.1	376
13371.9	375
13440.9	374
13614.7	373
13660	372
13850.8	371
13931.6	370
14038.1	369
14178	368
14471.6	367
14666.8	366
14705.1	365
15036.4	364
15263.7	363
15486.6	362
15527.5	361
15735.6	360
15803.2	359
16000.9	358
16273.8	357
