Frontier size:	38
Weakly effici:	0
Total time:	193.485
point	 time
0	2.40724
1	2.26107
2	6.13133
3	4.33697
4	6.35522
5	3.71217
6	3.01837
7	3.71024
8	4.56172
9	4.92518
10	4.6051
11	4.55463
12	6.00375
13	4.79897
14	5.05284
15	4.50522
16	6.00426
17	6.32422
18	8.25585
19	6.15539
20	4.42753
21	3.84354
22	7.22995
23	5.11112
24	5.20089
25	5.59516
26	4.5724
27	3.98333
28	3.26766
29	6.27427
30	4.38452
31	4.4999
32	6.972
33	4.2708
34	4.72598
35	2.78181
36	4.71655
37	2.92627
================== Frontier ==================
11015.6	420
11340.9	419
11600.1	418
11665.9	417
11841	416
11865.1	415
11948.1	414
12091.3	413
12216.6	412
12328.4	411
12404.8	410
12474.1	409
12618.4	408
12710.6	407
12873.7	405
13040.9	404
13207.4	403
13271.4	402
13503.1	401
13600.5	400
13698.6	399
13774.4	398
13980.7	397
14094.6	396
14257.3	395
14595.6	394
14685.9	393
14821.9	392
14928.7	391
15081.7	390
15164.2	389
15258.2	388
15421.5	387
15674	386
15962.8	385
16011	384
16702.3	383
16732.8	382
