Frontier size:	45
Weakly effici:	0
Total time:	197.631
point	 time
0	3.51731
1	2.47658
2	2.738
3	3.27606
4	3.6587
5	3.17435
6	3.20199
7	2.07438
8	2.22975
9	1.73846
10	2.27747
11	2.58017
12	3.77756
13	3.03127
14	3.01766
15	4.90826
16	2.75287
17	3.85729
18	2.24375
19	2.45308
20	3.16125
21	3.55348
22	2.10725
23	2.96558
24	2.87081
25	4.31309
26	6.47263
27	6.89736
28	6.35775
29	4.43999
30	3.13437
31	2.70114
32	2.39297
33	4.99335
34	7.60227
35	5.92391
36	6.15204
37	5.20534
38	6.171
39	6.94319
40	4.30668
41	2.56362
42	4.28818
43	3.52584
44	2.31213
================== Frontier ==================
11416.9	136
11419.9	121
11543	114
11571.1	108
11663.6	105
11676.1	102
11679	99
11684.6	97
11691.6	95
11696.8	92
11786.8	90
11790.6	87
11925.5	86
11990.5	84
12023.5	83
12107.2	80
12127.2	79
12156.5	78
12167.3	77
12184.4	76
12288.7	73
12378.5	71
12414.7	70
12480.7	67
12583.7	66
12699	65
12810.4	64
12900.4	63
13143.2	61
13174	60
13183.3	59
13205.6	56
13238.1	55
13505.1	53
13886.1	52
13890	49
13993.2	48
14097.7	47
14195.4	45
14478.7	44
14545.2	41
14738	40
14910.3	39
15071.6	38
15112.7	37
