Frontier size:	33
Weakly effici:	0
Total time:	174.168
point	 time
0	3.57319
1	3.84893
2	3.80103
3	4.29982
4	3.85621
5	4.85083
6	5.69002
7	4.58813
8	3.30282
9	4.51733
10	6.49531
11	6.85053
12	4.77688
13	3.9615
14	3.57961
15	3.37366
16	5.15484
17	4.70357
18	4.43913
19	3.84335
20	3.24822
21	5.01988
22	3.51867
23	5.53007
24	5.07945
25	6.88852
26	7.96716
27	6.4476
28	6.2369
29	7.08833
30	6.10194
31	8.07126
32	5.22112
================== Frontier ==================
11416.9	454
11551.4	453
11628.6	452
11764.8	451
11890.2	450
12044.5	449
12103.7	448
12173.3	447
12222.9	446
12395.6	445
12541.2	444
12682.6	443
12764.2	442
12839.5	441
12896.2	440
12960.6	439
13167.1	438
13273.3	437
13362.1	436
13497.8	435
13597.9	434
13820.7	433
13885	432
14094.1	431
14322.8	430
14542.8	429
14734.6	428
14917.9	427
15039.9	426
15247	425
15326.4	424
15765.9	423
15886.2	422
