Frontier size:	31
Weakly effici:	0
Total time:	97.5455
point	 time
0	2.61489
1	4.52755
2	4.83975
3	4.81398
4	6.46317
5	2.92786
6	4.40254
7	5.80155
8	3.7613
9	2.2637
10	5.29937
11	2.08274
12	2.2398
13	2.16048
14	1.70458
15	2.19966
16	4.10681
17	2.25623
18	1.81786
19	1.98657
20	1.78749
21	1.32284
22	1.1992
23	0.954838
24	0.346306
25	0.497711
26	0.859883
27	0.474135
28	0.205142
29	0.243873
30	0.212116
================== Frontier ==================
11176.4	83
11491.3	82
11632.8	81
11775.7	79
11826.7	77
11886.1	73
12068.8	72
12080	71
12191.4	69
12191.8	68
12544.6	67
12569.7	64
12582.8	63
12591.4	60
12696.9	59
12793.5	57
13106.9	55
13466.1	53
13788	52
14009.4	51
14521.7	50
14757.3	49
14883.6	48
14934.5	47
15120.6	46
15391.7	44
15801.5	42
16077.6	41
16777.1	40
17926.3	39
18967.9	36
