Frontier size:	67
Weakly effici:	0
Total time:	361.481
point	 time
0	2.59901
1	1.66421
2	1.06986
3	2.55938
4	2.02862
5	1.07042
6	0.905877
7	6.26212
8	3.81429
9	4.44976
10	4.84527
11	3.78873
12	4.48552
13	4.69579
14	5.02919
15	6.81197
16	6.95347
17	5.85538
18	5.499
19	6.00793
20	3.9708
21	4.33959
22	3.7487
23	2.8188
24	2.73105
25	7.17707
26	6.62277
27	7.36589
28	9.19296
29	8.90217
30	4.51996
31	8.25082
32	9.22601
33	6.66176
34	8.59376
35	7.51266
36	7.9809
37	7.92819
38	7.48467
39	4.74198
40	8.00399
41	9.60941
42	5.79975
43	6.1527
44	6.88145
45	4.54749
46	4.01418
47	4.47502
48	2.99084
49	2.79271
50	6.46908
51	3.48765
52	4.13422
53	4.53624
54	2.73873
55	2.59874
56	2.45705
57	2.9052
58	3.08369
59	2.16006
60	3.52042
61	3.78982
62	2.8444
63	2.36907
64	2.96583
65	2.43159
66	2.5756
================== Frontier ==================
11176.4	175
11183.6	139
11195.7	137
11329.6	133
11337.7	124
11345.7	121
11360.2	119
11733	117
11773.3	116
11775.7	110
11795.2	109
11840.8	107
11850.8	106
11880.9	104
11891.6	103
11969.4	101
12018.5	97
12025.7	95
12083.5	94
12144.6	93
12146.2	91
12176.8	90
12198.8	83
12234.2	82
12270.5	79
12463.9	76
12519.4	75
12586.9	74
12643.1	73
12646.6	72
12661.1	71
12764.2	70
12828.7	69
12891	68
12911.3	66
12944.2	65
13026	63
13107.7	61
13110	57
13202.2	56
13291	53
13517.1	52
13533.3	51
13546.3	49
13719.1	48
13721.6	46
13759.6	45
13857.2	43
13883.6	42
13888.9	41
14257.7	40
14271	36
14332.1	35
14409.2	34
14580.4	33
14586.1	32
14590.7	31
14721.1	29
14789.9	27
14899.9	26
15245	25
15451.8	24
15554.3	23
15580.8	22
15821.9	20
15958	19
16020.4	18
