Frontier size:	46
Weakly effici:	0
Total time:	330.337
point	 time
0	2.58072
1	2.30664
2	2.92858
3	2.81854
4	4.33653
5	3.30986
6	3.37379
7	4.72951
8	3.8852
9	5.77723
10	3.93006
11	5.04771
12	4.86805
13	2.84649
14	5.55143
15	5.83654
16	10.0764
17	10.9973
18	13.8642
19	12.4876
20	6.45213
21	6.48444
22	12.5563
23	18.3993
24	19.6853
25	15.7955
26	13.2052
27	5.80449
28	15.9482
29	6.67316
30	6.07839
31	10.0694
32	4.57738
33	9.88121
34	5.52729
35	5.92394
36	7.76655
37	7.18462
38	4.25039
39	2.91797
40	3.41844
41	3.50339
42	2.95195
43	2.44258
44	3.1371
45	3.10351
================== Frontier ==================
11176.4	445
11315.3	444
11462.8	443
11567	442
11691.6	441
11855.5	440
11939.5	439
12056.2	438
12216.7	437
12442.7	436
12472.7	435
12572.3	434
12659.9	433
12841.5	432
13058.5	431
13139.5	430
13280.5	429
13394.1	428
13588.5	427
13697	426
13762.6	425
13838.4	424
13997.3	423
14252.8	422
14431.1	421
14483.8	420
14605.8	419
14704.5	418
14927.8	417
14950.2	416
15107.2	415
15515.4	414
15641.4	413
15949.9	412
16008.5	411
16080.4	410
16326.8	409
16448.4	408
16584.2	407
16779.7	406
17037.6	405
17393.9	404
17599.1	403
17747.9	402
17950.2	401
18030.1	400
