Frontier size:	28
Weakly effici:	0
Total time:	79.5874
point	 time
0	5.09538
1	3.11496
2	2.54195
3	2.33949
4	2.22467
5	5.05339
6	3.98641
7	2.44461
8	3.56269
9	2.29953
10	2.76052
11	1.90485
12	1.56821
13	1.9423
14	1.63748
15	2.28361
16	1.75207
17	1.90346
18	1.85578
19	2.54888
20	1.60524
21	1.19221
22	1.30512
23	1.19006
24	0.823499
25	0.656473
26	0.353838
27	0.423703
================== Frontier ==================
11389.8	113
11396.4	109
11413.3	102
11416.1	98
11457.5	89
11655.4	82
11685.5	80
11697.7	70
11918.6	68
11953.1	62
12169.5	59
12395.8	56
12503	55
13053.6	54
13108.1	53
13233.9	52
13411.4	49
13810.2	48
14101.7	47
14655.1	46
14792.9	45
14986.4	44
15153.2	42
15488.2	41
16244.2	40
16494.3	39
16620.9	37
17374.5	36
