Frontier size:	38
Weakly effici:	0
Total time:	172.35
point	 time
0	4.8836
1	1.43429
2	1.40651
3	4.5461
4	5.24702
5	3.41437
6	2.50519
7	3.23264
8	3.22741
9	5.88078
10	3.4585
11	3.27454
12	3.21751
13	7.42967
14	6.83545
15	6.82203
16	6.25707
17	8.26511
18	5.03241
19	5.76457
20	4.84853
21	4.56499
22	2.24702
23	3.7778
24	5.20933
25	4.18945
26	4.89224
27	2.4464
28	1.83325
29	2.68126
30	1.83674
31	1.45351
32	1.11767
33	2.93576
34	2.40957
35	3.11713
36	3.05129
37	2.50378
================== Frontier ==================
11389.8	100
11436.1	98
11452.8	97
11593.9	93
11736.5	91
11752.1	84
11772	83
11837.6	80
11866.6	78
11981.5	75
12002.6	74
12019.8	73
12176.8	71
12602.3	69
12650.9	68
12722.9	67
12772.3	66
12832.4	64
12845.2	61
13035	60
13060.5	58
13113.4	57
13141.9	56
13256.6	55
13386.9	54
13688.7	52
13876.3	51
13923.4	50
13962.4	47
14285.7	45
14310.5	44
14463	43
14471.6	42
15303.4	41
15544.2	40
15832.6	39
15909	38
16101.3	37
