Frontier size:	36
Weakly effici:	0
Total time:	208.761
point	 time
0	5.07745
1	5.33215
2	3.52017
3	6.33115
4	4.22817
5	4.33923
6	3.71625
7	4.02739
8	4.29474
9	2.60251
10	2.66225
11	4.5139
12	3.27929
13	4.73053
14	5.01757
15	4.3259
16	6.60433
17	5.00883
18	4.68365
19	5.17879
20	12.4987
21	10.393
22	8.91538
23	5.98822
24	4.59336
25	4.28933
26	4.8708
27	5.57738
28	5.32189
29	7.0744
30	11.8109
31	8.35459
32	5.23371
33	4.33763
34	3.78036
35	6.39581
================== Frontier ==================
11389.8	403
11483.6	402
11560.5	401
11822.7	400
11901.9	399
12050.3	398
12110.2	397
12237.5	396
12394.9	395
12499.4	394
12602.3	393
12809.4	392
12869	391
12962.4	390
13191.6	389
13337.9	388
13511.3	387
13592.3	386
13687.1	385
13868.1	384
14020.7	383
14154.9	382
14279.3	381
14383.4	380
14464.2	379
14529.9	378
14666.8	377
14859.7	376
15049.2	375
15180.3	374
15410.9	373
15671.2	372
16062.8	371
16320.5	370
16462.9	369
16857	368
