Frontier size:	51
Weakly effici:	0
Total time:	235.964
point	 time
0	2.12039
1	1.45967
2	1.66052
3	1.6495
4	1.39273
5	1.40329
6	1.66352
7	1.61252
8	1.44572
9	1.13384
10	2.35704
11	1.61391
12	1.71475
13	1.32832
14	1.36507
15	1.55963
16	1.42455
17	1.56268
18	1.20327
19	1.67329
20	1.52861
21	1.46457
22	1.66378
23	1.4316
24	1.26739
25	1.16527
26	2.38403
27	2.16365
28	1.96339
29	2.28285
30	1.85147
31	2.56512
32	2.39593
33	1.94698
34	2.23247
35	1.72988
36	1.94423
37	2.75902
38	2.04222
39	3.8312
40	2.32204
41	3.05795
42	3.74912
43	1.93894
44	1.9728
45	1.47305
46	1.29633
47	3.39893
48	2.61343
49	2.3213
50	1.97498
================== Frontier ==================
29637.4	109
29643.6	108
29676.8	107
29678.4	91
29693	87
29695.1	85
29715	84
29747.5	80
29755.2	79
29772	77
29880.9	74
29893.6	73
29916.7	72
29926.9	71
29928.1	70
29979.9	68
30005.2	67
30043.7	65
30057	64
30098.1	63
30125.1	62
30140.7	61
30240.3	60
30240.6	58
30319.3	57
30326.5	56
30471.7	55
30535.5	54
30616.2	53
30665.7	52
30683.7	51
30820.3	50
30828.8	49
30870.8	48
31041.4	47
31079.8	46
31114.8	45
31224.8	44
31292	43
31479.9	42
31544.8	40
31687.3	39
31754.1	38
31768.7	37
31770.9	36
31842.3	35
31902.6	34
32376.1	33
32442.6	32
32489.8	31
32550.2	30
