Frontier size:	31
Weakly effici:	0
Total time:	105.754
point	 time
0	2.23302
1	2.86588
2	2.60515
3	2.69818
4	1.74353
5	2.38031
6	1.92059
7	1.8062
8	2.45795
9	1.89188
10	2.18322
11	1.19677
12	1.00386
13	1.40615
14	2.55421
15	2.74408
16	2.5749
17	1.78389
18	3.94603
19	3.06544
20	2.50107
21	2.92364
22	2.10291
23	2.09093
24	1.71596
25	3.07282
26	1.75834
27	4.90751
28	3.06461
29	2.43915
30	4.88519
================== Frontier ==================
29637.4	412
29918.3	411
30073.6	410
30222	409
30448.4	408
30636.7	407
30883.4	406
31046.1	405
31252.3	404
31515.3	403
31828.7	402
31906.4	401
32120	400
32256.6	399
32571.8	398
32845.1	397
33141.1	396
33354.3	395
33542.8	394
33824.5	393
33927.9	392
34106	391
34259.1	390
34482.1	389
34573.1	388
34956	387
35085.2	386
35730.3	385
36168.7	384
36516.1	383
36850.7	382
