Frontier size:	30
Weakly effici:	0
Total time:	118.678
point	 time
0	2.27832
1	1.34577
2	3.51798
3	1.94508
4	2.77494
5	1.9154
6	4.11974
7	4.40129
8	4.0458
9	3.61458
10	3.48678
11	2.45696
12	3.45052
13	3.50694
14	3.05696
15	3.07287
16	2.66314
17	2.19612
18	4.61223
19	2.11734
20	2.70622
21	2.32085
22	2.87884
23	1.99141
24	2.39937
25	2.11207
26	3.89674
27	4.55036
28	3.68112
29	2.78069
================== Frontier ==================
31416.9	462
31587.2	461
31781.7	460
31873.6	459
31977.9	458
32058.7	457
32273.9	456
32514	455
32734.4	454
32883.5	453
33266.3	452
33401.9	451
33828.6	450
34017	449
34216.9	448
34410.1	447
34636.7	446
34827.1	445
35177.7	444
35286	443
35506.3	442
35646.8	441
35831.8	440
36151.7	439
36338.1	438
36719.3	437
36968.2	436
37199.2	435
37500.6	434
37700.7	433
