Frontier size:	89
Weakly effici:	0
Total time:	523.682
point	 time
0	2.92936
1	2.34576
2	2.10752
3	2.02922
4	1.58955
5	1.68045
6	1.9179
7	1.99505
8	1.86752
9	1.59247
10	2.23121
11	1.94416
12	2.00409
13	1.86783
14	2.36912
15	1.98641
16	2.50259
17	2.4992
18	2.23516
19	2.29837
20	2.67817
21	2.44938
22	2.36805
23	2.34885
24	3.02403
25	3.01014
26	2.97176
27	2.74475
28	3.41413
29	2.81313
30	3.13127
31	2.30084
32	2.57867
33	2.47726
34	2.15077
35	2.30004
36	2.35378
37	1.63362
38	1.61632
39	2.84057
40	2.75853
41	2.77529
42	4.10923
43	4.06842
44	3.48832
45	5.69816
46	4.64715
47	4.2445
48	2.12408
49	1.77175
50	2.07509
51	2.49275
52	4.81001
53	3.71071
54	3.90581
55	6.07901
56	3.63296
57	3.69663
58	2.49324
59	5.93241
60	3.79627
61	4.64083
62	5.76765
63	5.4047
64	3.35481
65	3.43921
66	4.49092
67	4.08422
68	2.35971
69	3.77399
70	3.38617
71	4.23709
72	3.39115
73	3.09164
74	2.18381
75	2.27998
76	2.16353
77	3.40924
78	3.5318
79	3.58921
80	3.27415
81	4.39175
82	4.3067
83	3.69026
84	4.47427
85	4.18111
86	8.60709
87	6.36142
88	4.8195
================== Frontier ==================
29041.3	143
29056.1	126
29060.4	122
29076	115
29088.6	114
29140.8	111
29174.4	110
29181.1	105
29190.7	104
29194.9	103
29233.5	102
29236.9	100
29253.3	99
29267.5	98
29309.1	97
29325.4	96
29447	95
29452.3	94
29457.6	93
29479	92
29496.5	89
29540.5	88
29579.2	87
29610.8	85
29624.4	83
29669.5	81
29675.4	79
29688	78
29750.1	77
29786.9	76
29801.4	75
29880.2	73
29885.4	70
29922.6	69
29934.1	65
29986.2	64
30037.6	63
30038.5	61
30049.9	60
30119.1	58
30184.5	57
30210.4	56
30350.6	55
30414.9	54
30429	52
30548.1	51
30552.6	49
30574.2	48
30641.9	47
30649.3	45
30770.7	43
30851.5	42
30950.2	41
30960.9	39
31090.7	38
31133.2	36
31182.3	35
31186.7	34
31207.2	33
31516.1	32
31522.7	31
31556.5	30
31601.2	29
31615.6	27
31659.5	26
31675.2	25
31693.4	24
31846.4	23
31943.3	22
32010.8	21
32020.4	20
32123.1	19
32134.7	18
32526.5	17
32652.7	16
32661.2	15
32664	14
32910.1	13
33003	12
33082.5	11
33376	10
33687.3	9
33887.7	8
34157.7	7
34431.2	6
34562.1	5
34889	2
35168.9	1
35404.2	0
