Frontier size:	31
Weakly effici:	0
Total time:	157.078
point	 time
0	3.00992
1	2.5707
2	3.83768
3	4.61335
4	6.87372
5	4.51543
6	3.62197
7	5.9277
8	3.90724
9	2.57455
10	2.95498
11	3.68782
12	6.32007
13	9.26892
14	5.86016
15	4.99634
16	4.14698
17	4.79176
18	5.00686
19	2.70576
20	5.47981
21	4.20314
22	4.34708
23	5.2102
24	4.11106
25	3.65044
26	1.25484
27	1.59548
28	1.56685
29	1.87169
30	4.2868
================== Frontier ==================
29041.3	438
29144.6	437
29304.9	436
29558.4	435
29781.2	434
30089.5	433
30343.7	432
30607.8	431
30741.5	430
30903.8	429
31085.9	428
31293.8	427
31542.6	426
31882.2	425
32049	424
32242	423
32460.6	422
32610.7	421
32911.1	420
33189.6	419
33473.9	418
33714.5	417
34016.9	416
34430.6	415
34697.8	414
34982.7	413
35116.3	412
35323.6	411
35600.4	410
35845.5	409
36292.9	408
