Frontier size:	35
Weakly effici:	0
Total time:	201.45
point	 time
0	4.38182
1	1.99625
2	3.55429
3	3.6615
4	3.23301
5	3.18478
6	3.09119
7	3.19741
8	3.12752
9	3.25673
10	1.97125
11	2.62339
12	1.87748
13	5.55473
14	4.6303
15	1.88342
16	1.4585
17	1.57647
18	1.98447
19	1.32657
20	0.909035
21	6.17505
22	2.50195
23	3.33461
24	4.05332
25	3.82213
26	2.54598
27	4.3996
28	2.86224
29	2.12784
30	2.26341
31	5.48096
32	3.59323
33	1.94989
34	1.67429
================== Frontier ==================
29810	83
29851.6	82
29883.5	74
29931.7	73
29949.7	71
30069.5	70
30089.1	67
30136.5	64
30325.1	63
30547.5	61
30587.3	60
30629.3	59
30633.6	58
30756	57
30801.6	56
31045.1	55
31080.4	54
31208.9	53
31238.4	52
31415.6	51
31425.8	50
31847.2	49
31907.7	48
32049.8	47
32127.7	46
32162.5	45
32439.7	44
32628.3	43
32766.1	42
33028.8	41
33082.8	40
33483	39
33609.9	38
33959.9	37
33984	36
