Frontier size:	31
Weakly effici:	0
Total time:	130.293
point	 time
0	4.09995
1	5.45975
2	5.1983
3	4.58959
4	3.40969
5	2.4161
6	1.64248
7	4.379
8	3.76957
9	5.10305
10	3.98581
11	3.752
12	2.73741
13	2.68649
14	3.84224
15	2.26925
16	2.4646
17	2.31741
18	2.61758
19	2.90543
20	3.56213
21	3.713
22	3.39759
23	1.80938
24	3.57981
25	1.55385
26	1.56681
27	2.7697
28	2.26825
29	3.86829
30	2.43337
================== Frontier ==================
29810	416
30039.7	415
30179.3	414
30453.1	413
30612.8	412
30739.5	411
30871.3	410
31250.5	409
31450.8	408
31666.7	407
31867.8	406
32030	405
32153.5	404
32404.1	403
32697.4	402
33055.7	401
33289.5	400
33417.6	399
33649.1	398
33897.9	397
34161.1	396
34674.2	395
34891.4	394
35000	393
35246.4	392
35444.7	391
35634.7	390
35942.8	389
36259	388
36440.4	387
36653.8	386
