Frontier size:	29
Weakly effici:	0
Total time:	47.6098
point	 time
0	1.7092
1	0.98187
2	1.10034
3	1.19811
4	2.47813
5	2.32168
6	1.31121
7	1.51996
8	1.34236
9	1.82931
10	1.15784
11	1.40234
12	1.49394
13	1.18373
14	0.927084
15	1.06099
16	1.06339
17	0.929511
18	0.922017
19	1.31258
20	1.40613
21	1.38933
22	1.54984
23	1.42272
24	2.02396
25	1.25327
26	1.65066
27	0.749726
28	0.946585
================== Frontier ==================
28463.2	419
28560.9	418
28581.9	417
28758.9	416
28933.4	415
29063.4	414
29104.6	413
29237.5	412
29346.2	411
29570.1	410
29633.8	409
29792.5	408
29956.3	407
30029.7	406
30078.4	405
30146	404
30312.1	403
30330.4	402
30420.4	401
30533.4	400
30678.7	399
30756.4	398
30839.9	397
30860.9	396
31002.2	395
31061.1	394
31513.6	393
31550.7	392
31744.6	391
