Frontier size:	24
Weakly effici:	0
Total time:	131.225
point	 time
0	2.36891
1	2.48172
2	2.56726
3	2.72191
4	2.16885
5	1.62578
6	3.27713
7	1.50742
8	1.15554
9	2.12538
10	4.08091
11	2.47708
12	3.43937
13	1.76497
14	3.38545
15	2.93673
16	3.54837
17	4.49692
18	4.44119
19	2.24569
20	1.7521
21	2.85148
22	2.27944
23	2.25504
================== Frontier ==================
29812	82
29961	73
29996.3	70
30015.4	67
30027.1	66
30044.5	65
30127.6	61
30145.7	58
30155	56
30259.2	55
30379	53
30420.4	52
30612	50
30655.6	49
30726.9	48
30895.4	47
31052.7	46
31251	45
31321.6	44
31392.7	43
31453	42
31762.8	41
32145.5	40
32447.7	39
