Frontier size:	47
Weakly effici:	0
Total time:	250.107
point	 time
0	2.42171
1	1.69296
2	1.50196
3	1.67224
4	1.97989
5	1.70694
6	1.5974
7	1.71165
8	3.4363
9	1.49452
10	2.98747
11	2.10552
12	1.76758
13	1.80952
14	1.74828
15	3.1757
16	2.06462
17	3.67608
18	2.02888
19	2.52441
20	1.85526
21	1.94097
22	1.90386
23	1.95931
24	2.05973
25	1.68169
26	3.29412
27	3.78282
28	3.65632
29	3.45127
30	2.83844
31	4.67333
32	3.92096
33	3.04984
34	3.03003
35	3.19652
36	3.58933
37	3.01434
38	2.0683
39	2.52834
40	3.96558
41	2.83132
42	2.97206
43	2.39333
44	3.54145
45	3.65338
46	3.29873
================== Frontier ==================
29812	123
29818.3	103
29833.5	92
29871.5	89
29972	88
29975	87
29991.4	84
30028.6	83
30057	81
30074.8	77
30141.5	74
30155.5	71
30160.6	70
30183.7	68
30203.8	66
30244.4	65
30467.4	64
30591	63
30634.6	60
30708.8	59
30713.6	58
30748.3	57
30828.9	56
30850.1	55
30902.5	54
30947.8	52
31188.2	51
31326.2	50
31374.6	49
31505.8	48
31537.6	47
31650.7	46
31654.5	45
31728	44
31765.9	43
32100.9	42
32165.7	41
32237.9	40
32239.6	39
32246.4	38
32467.2	37
32535.2	36
33080.6	35
33162.5	34
33255.3	33
33576.2	32
33858.6	31
