Frontier size:	37
Weakly effici:	0
Total time:	138.301
point	 time
0	2.32098
1	2.35867
2	2.44387
3	3.19249
4	1.3568
5	2.13283
6	2.09145
7	2.24387
8	2.22519
9	1.9487
10	1.87453
11	3.81591
12	4.42699
13	3.36634
14	2.76776
15	3.98775
16	3.0644
17	3.16552
18	3.0819
19	3.99829
20	3.16079
21	3.30464
22	2.60129
23	3.77354
24	1.80286
25	2.34401
26	1.9845
27	1.68425
28	2.19439
29	2.59622
30	2.15328
31	1.527
32	1.4695
33	3.01711
34	4.2105
35	2.2399
36	2.0828
================== Frontier ==================
29812	404
29910.7	403
30057.5	402
30243.5	401
30424.2	400
30713.3	399
30940.3	398
31141.6	397
31372.4	396
31543.5	395
31765.9	394
32135.9	393
32284.9	392
32530.2	391
32859.6	390
33075.9	389
33218.9	388
33382.4	387
33615.7	386
33782.7	385
33938.2	384
34169.4	383
34333.7	382
34458.3	381
34696.2	380
34915.1	379
35136	378
35271.8	377
35570.3	376
35852.3	375
36135.3	374
36263.9	373
36587.1	372
37055.1	371
37513.1	370
37777.4	369
38231.6	368
