Frontier size:	25
Weakly effici:	0
Total time:	156.305
point	 time
0	5.85765
1	3.19801
2	2.65562
3	5.34668
4	4.5308
5	3.7666
6	5.51207
7	3.66262
8	6.76623
9	4.28717
10	2.39608
11	3.62298
12	2.80872
13	2.0697
14	2.8678
15	2.71735
16	1.73368
17	3.2237
18	2.99383
19	2.14447
20	2.51544
21	4.55561
22	5.49575
23	5.1888
24	2.73224
================== Frontier ==================
19577	94
19597.8	92
19601.5	91
19665.2	88
19668.9	73
19674.9	65
19749.3	64
19762.1	63
19914.1	62
19960.1	60
19972.2	59
20042.4	58
20083.6	55
20094.2	54
20262.7	53
20440.4	52
20457.2	51
20786.6	50
20811.3	48
21091.4	45
21828.5	44
22395.4	43
23121.9	42
23802.8	41
24599.5	40
