Frontier size:	54
Weakly effici:	0
Total time:	562.815
point	 time
0	5.89587
1	2.88625
2	3.28553
3	2.92981
4	2.319
5	4.06612
6	2.49088
7	4.19294
8	7.06385
9	5.75975
10	7.47094
11	8.49669
12	5.81947
13	4.84439
14	3.32482
15	3.44393
16	3.24207
17	4.57533
18	4.58052
19	4.87651
20	6.40788
21	8.19056
22	5.33125
23	4.911
24	5.93736
25	5.99043
26	4.56419
27	10.7604
28	14.7828
29	9.39062
30	15.9094
31	12.2337
32	10.2525
33	8.57123
34	10.77
35	12.3886
36	10.9487
37	12.9587
38	7.05032
39	17.4181
40	23.0861
41	12.482
42	13.5306
43	12.0526
44	14.0305
45	7.12513
46	7.27991
47	8.49591
48	8.21266
49	7.83688
50	5.1555
51	10.5179
52	9.84225
53	8.76439
================== Frontier ==================
19577	156
19584.3	144
19599.4	114
19608.9	104
19621.7	101
19662.5	99
19680.3	97
19717.3	96
19799.7	95
19813.6	94
19818.4	93
19857	89
19913.5	88
19953.2	85
19971.8	84
19977	82
20012.5	81
20114.5	79
20207.8	78
20231.6	75
20335.1	74
20380.8	72
20402	71
20422.2	70
20489.8	68
20522.4	67
20546.5	64
20875.6	63
20998.1	61
21020.8	60
21117.9	59
21328.9	58
21369	57
21609	56
21678.3	55
21776.9	54
21979.8	53
22193.9	52
22207.9	51
22536.1	50
22703.2	49
22764.9	48
22823	47
22892.5	46
22964.1	45
22997.6	44
23012.5	43
23190.2	42
23348.1	41
23468.5	40
23527.2	39
23723.4	38
24099.3	37
24282.9	36
