Frontier size:	30
Weakly effici:	0
Total time:	320.295
point	 time
0	5.90787
1	3.16886
2	7.15433
3	11.9944
4	11.2134
5	12.3857
6	12.3598
7	8.59268
8	13.9201
9	14.02
10	9.96065
11	12.7979
12	12.762
13	9.17328
14	7.50121
15	7.33093
16	7.45522
17	7.48942
18	9.43429
19	5.42912
20	5.45777
21	6.90285
22	8.25617
23	11.9121
24	20.0836
25	11.6842
26	8.68431
27	9.30498
28	5.99571
29	12.9725
================== Frontier ==================
19577	448
19743.9	447
20069.6	446
20369.9	445
20560.1	444
20814.1	443
21068.7	442
21244.4	441
21496.9	440
21789.9	439
21962.1	438
22206.8	437
22465.2	436
22600.4	435
22758.2	434
22985.2	433
23304.9	432
23440.8	431
23591.4	430
23768.4	429
23982.6	428
24172.3	427
24609.9	426
24862.3	425
25280	424
25359	423
25545.3	422
25817	421
26003.1	420
26450.1	419
