Frontier size:	36
Weakly effici:	0
Total time:	203.043
point	 time
0	6.01526
1	3.67855
2	3.7403
3	2.60763
4	4.93823
5	2.6754
6	2.43673
7	4.29853
8	2.96366
9	2.87496
10	3.20317
11	3.37891
12	3.04642
13	3.87045
14	3.52299
15	2.15494
16	1.61813
17	2.62789
18	3.12981
19	2.42518
20	3.3922
21	3.38259
22	3.63946
23	3.90111
24	5.78662
25	4.26508
26	1.09742
27	3.57667
28	2.42009
29	2.05183
30	1.4285
31	1.09916
32	0.602573
33	0.936104
34	1.14261
35	0.820848
================== Frontier ==================
21187.7	98
21191.7	90
21217.4	85
21225.7	80
21364.8	75
21407.9	74
21418.3	71
21598	67
21683.9	66
21703.1	65
21716.6	63
21789.2	61
21909.1	57
21958.7	56
22012.6	55
22030.2	53
22224.8	52
22579.4	51
22845.9	50
22885.7	49
23074.9	48
23363.5	46
23757.1	45
24008.1	44
24443.9	43
24716.7	42
24762.2	41
25382.5	40
25641.4	39
26321.9	38
27324.2	37
28180.2	36
28185.6	35
29005.7	34
29399.3	33
30026.5	32
