Frontier size:	75
Weakly effici:	0
Total time:	534.248
point	 time
0	5.92206
1	3.94792
2	3.65986
3	4.23424
4	3.71671
5	3.36369
6	3.62259
7	3.10025
8	3.53222
9	2.83998
10	2.98845
11	2.90372
12	2.43503
13	2.85265
14	3.12152
15	2.63263
16	1.69571
17	1.86611
18	2.61205
19	4.69104
20	3.73001
21	3.88602
22	2.61066
23	3.48486
24	3.49924
25	3.46087
26	3.54725
27	4.73373
28	2.79356
29	2.73629
30	4.81842
31	3.29529
32	6.37116
33	4.97075
34	4.49114
35	6.52706
36	5.25968
37	4.40156
38	4.53155
39	4.32047
40	4.06761
41	6.13156
42	4.48701
43	8.60193
44	4.09162
45	3.40108
46	5.23301
47	5.54892
48	9.43535
49	8.41022
50	8.74829
51	6.43916
52	4.87806
53	6.53282
54	8.69221
55	7.90826
56	4.60283
57	5.39967
58	5.96872
59	6.28777
60	3.13451
61	7.60433
62	5.22735
63	5.596
64	4.15601
65	4.74383
66	3.00266
67	5.11784
68	3.14708
69	2.6442
70	1.91663
71	3.37193
72	3.00434
73	2.97256
74	3.16485
================== Frontier ==================
21187.7	136
21199.2	126
21237.2	118
21239.9	115
21242.6	103
21274.7	102
21279	91
21377.5	89
21516.8	86
21524	85
21564.9	83
21644.3	82
21645.8	81
21719.4	80
21770	78
21774	77
21790.9	76
21815.9	74
21847.4	73
21952.7	72
21989.9	70
22001.9	69
22120.9	68
22126	67
22235.9	66
22241.1	65
22291.9	63
22441.7	62
22457.4	60
22479.7	59
22672.8	58
22689	57
22879.6	56
22920.3	55
22975.6	54
23050	53
23079.3	52
23142.3	51
23266	50
23268	48
23280.8	47
23398.6	46
23422.1	45
23498.5	44
23508.9	43
23536.6	42
23623.6	41
23782.2	40
24110.3	39
24230.5	38
24794.7	37
24862	36
24894.2	35
25068.8	34
25170.1	33
25592.5	32
25613.5	31
25664.1	30
25718	29
25848.3	27
25853.3	26
26421	25
26999	24
27627	23
28224.3	22
28492.8	21
28617.7	20
28905.2	19
29050	18
29051.5	17
29065.7	16
30110.8	15
30300	14
31372	13
31698	12
