Frontier size:	30
Weakly effici:	0
Total time:	270.571
point	 time
0	6.04016
1	5.42441
2	4.63653
3	4.55587
4	8.45825
5	5.95812
6	5.46748
7	4.81604
8	7.64096
9	6.81645
10	6.48248
11	5.94793
12	7.84992
13	11.3899
14	9.89471
15	5.03792
16	7.16043
17	5.91504
18	9.86171
19	10.9591
20	7.95382
21	14.3666
22	9.93676
23	11.2788
24	5.29135
25	5.14965
26	16.5675
27	11.4634
28	6.37941
29	13.2994
================== Frontier ==================
21187.7	435
21414.3	434
21693.3	433
21990	432
22318.8	431
22500.3	430
22659.7	429
22961.3	428
23252.1	427
23487	426
23568.6	425
23789.2	424
24059.6	423
24317.5	422
24507.5	421
24725.9	420
25000	419
25168.5	418
25488.7	417
25672.7	416
25848.6	415
26081.7	414
26398.8	413
26671.1	412
26950.7	411
27261.9	410
27633.3	409
28013.2	408
28347.5	407
28720.3	406
