Frontier size:	65
Weakly effici:	0
Total time:	550.881
point	 time
0	6.27845
1	4.61533
2	4.70247
3	5.09729
4	4.09451
5	5.53019
6	3.93881
7	4.59548
8	3.97491
9	3.17151
10	3.07875
11	2.90424
12	2.39669
13	3.82228
14	2.41799
15	3.22317
16	4.83134
17	4.07415
18	4.615
19	6.47504
20	5.75972
21	4.75535
22	4.4201
23	3.42449
24	4.15238
25	3.9422
26	5.30639
27	4.01218
28	4.1025
29	5.693
30	3.97113
31	4.44502
32	4.1529
33	4.54715
34	7.21784
35	4.92226
36	4.35242
37	6.95567
38	8.54484
39	5.51545
40	4.518
41	4.31871
42	3.99286
43	6.27694
44	3.9676
45	4.39631
46	9.67282
47	6.23389
48	6.55661
49	8.51
50	10.3446
51	7.16455
52	12.231
53	14.1121
54	9.08251
55	6.44431
56	9.7311
57	9.43254
58	13.2875
59	9.22726
60	6.81712
61	10.8922
62	8.41905
63	11.6811
64	6.79693
================== Frontier ==================
19520.8	143
19526.9	114
19555.2	112
19556	105
19658.7	100
19724.2	99
19743.6	98
19798.7	97
19804	96
19844.7	95
19858.3	91
19879.3	89
19883.7	87
19893.9	86
19912.5	83
19999.6	82
20090.1	81
20218.6	80
20275.2	79
20401.7	78
20461.7	76
20476.3	74
20543.3	72
20544.4	71
20670.1	70
20684.4	69
20733.6	68
20735.9	67
20743.4	66
20788	65
20792.9	64
20846.5	63
20860.4	62
20882.8	61
21052	60
21086.9	59
21187.4	58
21303.6	57
21348	55
21355.1	54
21364.4	53
21395	52
21457.2	51
21532.6	50
21586.5	49
21635.3	48
21875.2	47
21883.7	46
21885.3	45
22106.4	44
22137.7	43
22164.5	42
22452.4	41
22604.6	39
22833.6	38
22846.1	37
23042.2	36
23240.1	35
23447.7	34
23485.2	33
23567.5	32
23883.5	31
23929.3	30
23944.1	29
23987.9	28
