Frontier size:	39
Weakly effici:	0
Total time:	435.444
point	 time
0	6.32444
1	5.61323
2	10.3444
3	8.82146
4	21.0553
5	33.8253
6	11.1713
7	8.22161
8	8.02937
9	7.39662
10	8.04662
11	10.2953
12	6.59441
13	6.4092
14	4.83632
15	6.04361
16	4.56756
17	5.23516
18	3.29815
19	5.60904
20	5.39807
21	6.61873
22	6.45158
23	8.36611
24	7.06073
25	7.11777
26	7.63929
27	14.2446
28	8.59801
29	8.04951
30	8.75977
31	12.4086
32	21.1026
33	17.4765
34	17.4374
35	12.6816
36	8.66193
37	21.6671
38	7.56459
================== Frontier ==================
19520.8	412
19750.7	411
19920.6	410
20149.5	409
20556.6	408
20727.2	407
20959.7	406
21125	405
21262.2	404
21466.3	403
21633.9	402
21814.4	401
22011.8	400
22210.1	399
22460.7	398
22770.2	397
22851.4	396
23104.1	395
23490.4	394
23833.2	393
24162.6	392
24360	391
24659.8	390
24868.3	389
25251.2	388
25505.6	387
25758.2	386
26192.5	385
26395.8	384
26671.7	383
26901.7	382
27166.2	381
27570	380
27940.4	379
28303.6	378
28531.8	377
28829	376
29342.4	375
29446.7	374
