Frontier size:	20
Weakly effici:	0
Total time:	137.672
point	 time
0	4.61844
1	2.80592
2	7.19587
3	3.99822
4	7.31679
5	8.46669
6	3.05164
7	3.83564
8	2.04652
9	3.81654
10	3.0417
11	3.47273
12	2.2565
13	3.18054
14	1.9637
15	2.44214
16	4.82901
17	4.12583
18	4.62075
19	7.22119
================== Frontier ==================
20754.7	96
20771.5	93
20860.7	85
20876.6	76
20902.4	73
20954.5	70
20961.4	67
20971.3	64
20992	63
21028	62
21083.7	61
21124.9	60
21236.5	59
21387.4	56
21416.3	55
21587.1	52
21884.4	50
22314.3	49
22428.7	48
22708	47
