Frontier size:	76
Weakly effici:	0
Total time:	783.203
point	 time
0	4.58234
1	3.59391
2	3.93397
3	3.50078
4	3.50171
5	4.197
6	5.04327
7	4.91873
8	5.08827
9	5.2322
10	5.42312
11	5.62002
12	5.21548
13	5.41195
14	7.10473
15	7.7295
16	7.81748
17	7.61951
18	7.21377
19	7.25542
20	8.76981
21	6.12237
22	4.55684
23	4.9568
24	4.97505
25	4.64977
26	5.29504
27	5.4022
28	5.67292
29	4.68779
30	3.85256
31	4.20263
32	4.14214
33	4.5533
34	3.9571
35	3.85371
36	4.31839
37	3.94152
38	4.11289
39	6.34354
40	5.52989
41	4.94337
42	5.46423
43	7.61002
44	5.71875
45	5.69756
46	9.28044
47	6.8931
48	10.398
49	7.40594
50	4.685
51	5.29454
52	4.34514
53	6.46405
54	9.6134
55	7.75102
56	24.3483
57	13.947
58	15.4361
59	16.4438
60	15.846
61	16.4594
62	13.3352
63	15.3261
64	9.43435
65	17.76
66	7.68888
67	15.2196
68	21.2942
69	10.3823
70	11.1553
71	10.1318
72	9.19745
73	14.403
74	13.0122
75	6.28287
================== Frontier ==================
20754.7	148
20798.9	136
20830.1	125
20842	120
20899	118
21003.6	117
21012.6	115
21076.8	113
21105.9	111
21118	110
21132.4	109
21141.1	108
21147.2	107
21159	105
21196.6	102
21294.9	97
21408.9	96
21418.7	95
21421.4	94
21428.2	93
21449.5	91
21520.6	88
21555.4	87
21620.1	85
21628.2	84
21645.7	83
21679	82
21694.1	81
21739.5	77
21761.1	76
21775	75
21775.3	71
21829.3	70
21884.4	68
21904.6	67
21934.8	66
21976.8	65
22031.4	64
22037.9	63
22101.9	62
22102.9	61
22156	60
22186.7	58
22209.7	56
22243.9	55
22342.3	54
22404.6	53
22430.2	52
22454.9	51
22495.4	50
22568.3	49
22606.3	47
22614.2	46
22738.4	45
22856	43
22961	41
23276.2	40
23291.5	38
23459.4	37
23615.8	36
23702.9	35
23749.2	34
23814.9	33
23902.1	32
23930.5	31
24101.5	29
24110.1	28
24249.5	27
24414.6	26
24540.4	24
24910.1	23
24918.2	21
25367.8	20
25638.5	19
25745	18
26415.2	17
