Frontier size:	35
Weakly effici:	0
Total time:	355.462
point	 time
0	4.69654
1	5.65958
2	6.43614
3	10.5086
4	7.90632
5	10.7848
6	6.29092
7	12.3691
8	8.64351
9	8.29504
10	8.18339
11	7.39822
12	6.56442
13	7.32135
14	13.768
15	7.26416
16	5.77404
17	3.76637
18	4.63364
19	6.46509
20	9.61899
21	7.82452
22	13.0689
23	12.6096
24	10.606
25	9.60572
26	12.7674
27	15.6634
28	8.83293
29	8.96327
30	11.8155
31	9.26255
32	12.2824
33	8.0855
34	15.9734
================== Frontier ==================
20754.7	422
21049.3	421
21122.6	420
21342.2	419
21596.9	418
21806.5	417
21851.4	416
22063.5	415
22371.2	414
22548.5	413
22760.8	412
23009.6	411
23123.6	410
23300.7	409
23475.3	408
23667.7	407
23859.2	406
23989	405
24171.8	404
24432.3	403
24669.5	402
24915.2	401
25214.5	400
25455.2	399
25707.4	398
25960.8	397
26267.7	396
26536.2	395
26898.7	394
27149.3	393
27478.4	392
27766.1	391
28143	390
28467	389
28952.5	388
