Frontier size:	54
Weakly effici:	0
Total time:	416.362
point	 time
0	8.04121
1	4.70688
2	4.53125
3	2.94269
4	4.05599
5	4.72196
6	4.68357
7	3.56623
8	3.4909
9	4.22496
10	3.70032
11	4.3322
12	3.47699
13	3.536
14	5.30202
15	5.18682
16	4.76456
17	5.37249
18	4.69185
19	5.21723
20	4.37908
21	4.38668
22	4.65195
23	4.51921
24	5.43693
25	4.66605
26	5.60679
27	5.17433
28	6.9552
29	7.30815
30	4.29767
31	3.9739
32	5.66776
33	3.8111
34	3.62202
35	8.83018
36	4.05745
37	4.33208
38	4.66872
39	5.16136
40	3.86214
41	7.93245
42	6.61216
43	7.19225
44	8.22197
45	9.06502
46	6.60683
47	6.35758
48	6.50733
49	6.65976
50	6.43405
51	6.98996
52	5.88429
53	7.8039
================== Frontier ==================
20686.4	135
20708.5	131
20717.3	118
20726.9	117
20747.4	113
20799.9	107
20801.7	106
20836.8	103
20843.6	102
20863.3	101
20873.9	99
20898.9	94
20899.9	93
20943.2	90
21040.1	89
21045.2	88
21061.6	86
21062.6	85
21095.1	84
21182.6	82
21194.9	81
21216.8	79
21267.9	77
21309.8	76
21334.2	75
21344.3	74
21421.3	73
21435.5	72
21512.8	71
21637	70
21651.5	69
21682.4	66
21835.1	65
21836.4	64
21906.8	63
22049.4	62
22081.9	61
22124.7	60
22169	59
22286.4	58
22299.9	56
22364.4	55
22414.4	54
22503.3	53
22596.4	52
22684	51
22731.4	50
22733.1	49
22758.1	45
22928.9	44
23067.5	43
23136.1	42
23141.5	41
23248.8	40
