Frontier size:	40
Weakly effici:	0
Total time:	386.36
point	 time
0	8.18611
1	7.44457
2	7.01075
3	3.81793
4	7.30812
5	5.60841
6	4.25095
7	3.07329
8	9.60317
9	7.4869
10	8.77333
11	4.70263
12	8.83053
13	11.6685
14	7.96807
15	11.3263
16	10.0527
17	9.7309
18	7.05173
19	7.2549
20	5.80322
21	7.0939
22	5.33705
23	4.0325
24	11.4907
25	8.90306
26	8.74076
27	8.25917
28	9.23572
29	12.4391
30	11.1027
31	11.2936
32	6.13734
33	16.8143
34	13.3055
35	15.5276
36	8.2993
37	6.11539
38	6.71433
39	13.4176
================== Frontier ==================
20686.4	435
20803.8	434
21090.6	433
21177.5	432
21454.4	431
21596.4	430
21739.3	429
21977.2	428
22317.7	427
22502.8	426
22688.9	425
22809.9	424
23125.3	423
23291.1	422
23414.5	421
23707	420
23988.5	419
24363.1	418
24431.5	417
24611.9	416
24736.1	415
24954.5	414
25156	413
25330	412
25901.5	411
26069.8	410
26257.5	409
26546.4	408
26795.1	407
26983.9	406
27358.5	405
27572.2	404
27810.9	403
28252.6	402
28629.4	401
29017.9	400
29195.3	399
29548.9	398
29954.4	397
30482.4	396
