Frontier size:	21
Weakly effici:	0
Total time:	131.179
point	 time
0	8.38677
1	5.22516
2	4.64171
3	3.25684
4	3.42132
5	5.06504
6	5.05752
7	4.01113
8	2.75583
9	2.61238
10	3.33624
11	3.60466
12	3.10988
13	4.66229
14	4.10032
15	3.20211
16	3.33625
17	2.62344
18	3.12793
19	2.91094
20	3.075
================== Frontier ==================
13899.4	102
13928.7	97
13995.6	96
14016.3	94
14019.5	84
14147.5	79
14243.3	71
14355.7	70
14371.2	69
14376.3	68
14788.9	65
15081.5	64
15161.6	61
15475.5	60
15516.2	59
15522.5	58
15541.3	57
15719.2	56
15769.3	54
15813.4	53
15862	52
