Frontier size:	23
Weakly effici:	0
Total time:	232.248
point	 time
0	8.19665
1	4.81977
2	5.52476
3	3.74977
4	3.87753
5	3.72872
6	3.32948
7	4.74051
8	5.40038
9	3.80423
10	5.18175
11	3.73011
12	6.95479
13	5.34248
14	6.9333
15	11.033
16	17.0048
17	12.5842
18	11.1308
19	13.8712
20	15.3938
21	14.8709
22	17.9758
================== Frontier ==================
13899.4	128
13903.7	125
13959.4	120
13967.6	115
13984.9	109
13990.4	105
13995.6	103
14056.6	101
14084	100
14117.8	99
14139.1	94
14158.3	91
14328.2	90
14355	87
14466.1	85
14583.6	83
14745.5	82
14818.9	81
14992.5	80
15056.4	79
15063.9	78
15183.9	77
15396.5	75
