Frontier size:	33
Weakly effici:	0
Total time:	4424.84
point	 time
0	8.43884
1	11.7172
2	8.1007
3	11.1466
4	29.2735
5	53.7614
6	44.0933
7	33.6915
8	31.7532
9	13.1996
10	31.8719
11	27.2174
12	39.1089
13	87.7474
14	78.6733
15	84.9083
16	518.423
17	285.876
18	219.214
19	263.022
20	450.62
21	195.299
22	237.65
23	198.247
24	241.889
25	277.124
26	184.396
27	114.096
28	273.82
29	124.648
30	72.0533
31	83.6684
32	56.7568
================== Frontier ==================
13899.4	431
14163.4	430
14291.2	429
14705.1	428
15101.4	427
15387.1	426
15681.2	425
15880.1	424
16067.3	423
16127.7	422
16544.4	421
16717.2	420
16987.7	419
17414.2	418
17606.5	417
17778.2	416
18292.4	415
18445.7	414
18605	413
18911.4	412
19226	411
19480.6	410
19718	409
19919.1	408
20227	407
20431.9	406
20664.3	405
20850.5	404
21236.7	403
21640.3	402
21968.5	401
22639.1	400
22922.3	399
