Frontier size:	23
Weakly effici:	0
Total time:	192.758
point	 time
0	8.06034
1	4.99929
2	5.51239
3	9.92371
4	5.36887
5	6.96077
6	7.65387
7	5.67421
8	5.7252
9	5.34164
10	12.4163
11	11.6564
12	7.36394
13	8.14175
14	6.46073
15	3.1126
16	5.59015
17	5.02328
18	2.74997
19	2.82801
20	2.79472
21	2.92445
22	2.67166
================== Frontier ==================
14132.5	110
14159.4	108
14175.7	98
14313	93
14313.9	85
14401	84
14525	81
14539.9	80
14544.4	79
14545.9	77
14647.5	76
14733.6	72
14792.6	71
14828.4	70
14862.6	64
14889.9	63
15079	62
15117.1	61
15149.1	60
15159.2	59
15259.1	58
15317.3	56
15498.4	55
