Frontier size:	23
Weakly effici:	0
Total time:	187.697
point	 time
0	8.13748
1	4.67503
2	8.88425
3	6.27515
4	7.07796
5	6.06602
6	6.7932
7	7.08519
8	3.97069
9	3.99152
10	4.82372
11	4.52342
12	4.05544
13	5.27467
14	3.40343
15	11.8385
16	8.14168
17	6.24037
18	7.36183
19	4.07478
20	3.15355
21	3.08791
22	7.80846
================== Frontier ==================
14132.5	118
14156.9	116
14226.2	112
14252.7	96
14269.2	93
14281	90
14313.9	89
14350.4	84
14377.6	79
14383.2	78
14400.1	77
14594.1	76
14611	75
14611.8	74
14616.8	73
15233.7	72
15253.5	70
15271.2	69
15283.6	66
15292.2	65
15329.2	64
15384.4	63
15578	62
