Frontier size:	32
Weakly effici:	0
Total time:	2429.6
point	 time
0	8.27312
1	6.88644
2	9.08488
3	11.4507
4	24.4734
5	19.1149
6	21.7423
7	40.8102
8	60.0665
9	104.677
10	49.6135
11	102.044
12	201.136
13	240.79
14	295.782
15	190.829
16	80.467
17	38.5313
18	33.0684
19	73.8832
20	36.9926
21	31.7547
22	36.9996
23	135.318
24	151.317
25	102.106
26	126.175
27	70.4827
28	27.2586
29	31.0381
30	13.2542
31	23.8082
================== Frontier ==================
14132.5	442
14324.9	441
14640.3	440
14908.1	439
15235.4	438
15353.1	437
15632	436
15984.9	435
16270.5	434
16573	433
16771.3	432
17049.9	431
17354	430
17667	429
17897.1	428
18092.7	427
18209.2	426
18291.1	425
18530.5	424
18881.2	423
18974.9	422
19172.9	421
19469.2	420
19911.1	419
20266.7	418
20473.2	417
20771.6	416
21313.9	415
21442.6	414
21696.8	413
21907.1	412
22384.1	411
