Frontier size:	33
Weakly effici:	0
Total time:	220.484
point	 time
0	4.69912
1	5.79351
2	4.61768
3	6.57683
4	8.70066
5	6.40448
6	5.51198
7	10.1743
8	5.39172
9	6.29296
10	4.67358
11	4.43254
12	2.57326
13	3.56074
14	4.61215
15	3.27
16	4.23585
17	5.16393
18	4.37154
19	3.30927
20	2.15186
21	4.08633
22	2.93041
23	3.92366
24	3.10654
25	3.26285
26	2.62653
27	2.76299
28	2.14285
29	1.34855
30	1.08769
31	1.11831
32	0.852175
================== Frontier ==================
13802	111
14032.7	104
14048.5	102
14128.6	98
14210.2	95
14213.1	92
14231	89
14256.9	81
14376.9	71
14562.5	70
14680.8	66
14955	65
14964.5	63
15219.5	62
15404	61
15423.1	59
15515.9	58
15599.8	57
15824.2	55
15983.4	53
16049.9	52
16754.7	51
17112.9	50
17455.7	49
18199.9	47
18339.7	46
18381.1	45
18544.1	44
19438.6	43
19651.8	42
19844	41
20781.7	40
22701.5	39
