Frontier size:	70
Weakly effici:	0
Total time:	2083.2
point	 time
0	4.63865
1	5.8833
2	4.51056
3	4.44113
4	5.83272
5	6.67206
6	7.99203
7	9.66219
8	8.95173
9	9.32862
10	5.63544
11	7.21507
12	8.10223
13	5.8032
14	24.2449
15	23.0485
16	19.7497
17	19.0508
18	23.7899
19	30.4916
20	26.8785
21	30.4193
22	45.9688
23	16.9994
24	19.4325
25	20.9366
26	79.6356
27	49.6539
28	52.5882
29	63.977
30	30.6863
31	30.9212
32	38.2542
33	62.4285
34	57.9616
35	41.2201
36	64.4945
37	45.8471
38	62.7906
39	82.9684
40	40.3237
41	45.0511
42	38.7836
43	54.4821
44	58.9795
45	28.0046
46	9.18322
47	36.2401
48	47.4477
49	25.9759
50	36.6546
51	45.1451
52	28.5296
53	14.4556
54	19.685
55	15.7421
56	16.6004
57	19.0596
58	21.3388
59	14.8664
60	12.4239
61	22.5711
62	12.4858
63	10.9368
64	8.35997
65	14.7223
66	6.16358
67	7.13875
68	28.7876
69	12.3348
================== Frontier ==================
13802	129
13991.5	121
14035.3	117
14063	114
14113.2	112
14132.8	109
14195.1	106
14206.2	104
14238.4	103
14244.7	99
14313.5	98
14380.7	96
14419.5	93
14456.7	92
14618.2	91
14637.8	90
14653.9	89
14700.9	88
14737.3	87
14774.3	86
14788.3	85
14874	84
14973.3	82
14989.4	81
15016.1	80
15041.7	79
15255.2	78
15309.8	76
15336.2	75
15418.9	73
15489.1	72
15503.9	71
15544.8	70
15725.3	69
15773.6	68
15793.4	67
15879.2	66
15910.8	65
16005.4	64
16139.5	63
16172.1	61
16240.6	60
16362.3	58
16505.2	57
16544.4	56
16594.7	55
16675.5	54
16948.4	53
16994.8	52
17060.5	51
17221.1	50
17306.1	49
17393.7	48
17483.1	47
18020.5	46
18250.9	45
18343.2	44
18453.2	43
18745.5	42
18812	41
18961.8	40
20013.9	39
20049.9	38
20055.8	37
20425.8	36
21057.1	35
21174.5	34
21709.7	33
22713.7	32
22730.6	31
