Frontier size:	34
Weakly effici:	0
Total time:	2672.44
point	 time
0	4.92249
1	6.99854
2	7.43002
3	8.10269
4	39.7861
5	17.7843
6	34.4241
7	49.3038
8	26.795
9	33.2627
10	50.4563
11	54.6016
12	104.051
13	35.6119
14	15.1191
15	8.20657
16	7.21532
17	27.5547
18	144.896
19	216.739
20	116.435
21	154.624
22	149.14
23	161.099
24	106.548
25	87.2759
26	77.6343
27	181.164
28	294.5
29	181.615
30	103.638
31	79.1947
32	21.8204
33	29.5999
================== Frontier ==================
13802	407
14230.5	406
14350.9	405
14660.9	404
15089.4	403
15205.5	402
15544.4	401
15779.8	400
15897.8	399
16077.3	398
16395.8	397
16572.3	396
16938	395
17120.4	394
17214.5	393
17269.8	392
17511	391
18084.8	390
18609.8	389
18902.6	388
19144.2	387
19408.2	386
19684.4	385
19959.9	384
20197	383
20462.4	382
20720.2	381
21137.8	380
21504	379
21850.3	378
22387.1	377
22759.7	376
22950.3	375
23514.9	374
