Frontier size:	40
Weakly effici:	0
Total time:	236.204
point	 time
0	9.74784
1	7.58174
2	4.0169
3	6.34256
4	4.28698
5	5.37577
6	5.35678
7	8.5329
8	4.9905
9	3.95816
10	6.38718
11	4.72646
12	4.63948
13	2.67989
14	3.13261
15	5.74359
16	5.36699
17	7.34597
18	4.07808
19	4.26971
20	2.16418
21	1.92648
22	0.900139
23	1.14461
24	0.90926
25	0.771205
26	1.0383
27	0.994756
28	0.959205
29	0.751825
30	1.41722
31	1.07695
32	1.25032
33	0.93682
34	0.476389
35	0.697126
36	0.502723
37	0.408355
38	0.41042
39	0.416097
================== Frontier ==================
13993.4	99
14067.6	97
14073.2	91
14140.2	86
14141.9	80
14224.4	79
14260.4	75
14378	73
14447.1	70
14464.3	69
14674.4	68
14800.2	66
15063.5	64
15114.2	63
15545.4	61
15848.9	59
15921.6	58
16160.7	57
16364.8	56
16568.5	55
16663.5	54
16792.8	53
16978.5	52
17776.7	51
18064.4	50
18077.3	49
18825.2	47
18957.2	45
19717.6	44
19830.7	43
20279.4	42
20482.7	41
21504.4	40
21656.3	38
22457.1	37
22461	36
22469	35
22969.3	33
25030.2	32
26114.4	31
