Frontier size:	89
Weakly effici:	0
Total time:	64327.3
point	 time
0	9.74817
1	10.5624
2	10.2329
3	13.2899
4	12.4488
5	14.391
6	11.8859
7	15.4278
8	11.8684
9	15.8344
10	12.3644
11	19.2641
12	13.615
13	11.0526
14	14.3803
15	18.636
16	19.7743
17	30.7401
18	36.9791
19	75.014
20	64.0086
21	83.4938
22	74.7685
23	121.056
24	95.5929
25	120.811
26	120.8
27	114.605
28	210.453
29	159.46
30	143.915
31	164.691
32	199.619
33	152.714
34	192.269
35	112.194
36	162.856
37	86.4419
38	66.7404
39	37.1863
40	82.5438
41	128.764
42	420.063
43	348.238
44	216.772
45	344.43
46	483.766
47	285.488
48	231.399
49	152.867
50	751.447
51	208.427
52	209.995
53	402.902
54	52317.8
55	455.816
56	333.38
57	480.331
58	546.738
59	372.431
60	277.228
61	229.572
62	408.769
63	407.685
64	225.902
65	185.913
66	182.106
67	94.4671
68	178.913
69	105.536
70	64.4465
71	10.0738
72	14.0713
73	9.3897
74	7.64725
75	15.8111
76	5.43614
77	4.00812
78	5.13807
79	4.60462
80	3.85507
81	4.87778
82	4.09539
83	4.30856
84	4.0173
85	4.88533
86	6.71837
87	10.598
88	5.60591
================== Frontier ==================
13993.4	146
14125.6	142
14136.5	140
14222.7	138
14260.3	134
14296.5	131
14339.9	130
14364.4	128
14371.2	125
14393.9	121
14437.1	120
14542.4	119
14557.7	116
14564.2	115
14602.8	114
14669	112
14676.8	110
14787.5	109
14828.8	108
14922.6	107
14925.7	106
14974.5	104
15023	103
15093.1	102
15121.2	101
15171	100
15243.5	98
15254.5	97
15335.5	96
15346.6	95
15356.9	94
15388.2	93
15451.3	92
15479.7	91
15508	88
15531.8	87
15565.3	85
15610.5	82
15660.6	81
15714.6	79
15903.2	78
15995.8	77
16231.1	75
16269.1	74
16296.7	73
16369.7	72
16452.6	71
16457.8	70
16488.2	68
16529.5	67
16753.6	65
16821.6	64
17014.7	63
17106.6	62
17214.9	61
17281.6	60
17320.8	59
17373.5	58
17422.3	57
17455.9	55
17570.5	54
17585.6	52
17756.8	51
17770.2	50
17772.6	49
17779.5	48
17785.5	47
17894.4	46
18085.9	44
18280.8	42
18334.6	40
18380	39
18463.6	38
18516.1	37
18527.7	36
18780.4	34
18798.2	33
18824.2	31
19132.1	30
19188.7	29
19239	28
19831.8	27
19918.3	26
20088.3	25
20274.6	24
20289.6	23
20941.1	22
21572.3	21
21592.2	20
