Frontier size:	35
Weakly effici:	0
Total time:	2461.16
point	 time
0	10.0795
1	5.87492
2	12.9015
3	16.0971
4	16.536
5	20.177
6	38.31
7	75.6071
8	71.6122
9	55.8094
10	101.749
11	68.8116
12	56.9157
13	37.6444
14	15.6874
15	22.4472
16	16.7082
17	23.4456
18	38.8745
19	31.7424
20	40.5899
21	37.6039
22	130.723
23	60.8803
24	44.2387
25	210.113
26	90.6335
27	114.782
28	227.431
29	88.8805
30	188.707
31	210.554
32	116.272
33	79.5442
34	46.7692
================== Frontier ==================
13993.4	424
14075.4	423
14531.4	422
14741.7	421
14911.1	420
15180.9	419
15475.5	418
15951.2	417
16162.6	416
16283.1	415
16646.1	414
16866.9	413
17069.1	412
17186.2	411
17278.4	410
17551.6	409
17750.8	408
18037.1	407
18471.5	406
18781	405
19132.4	404
19503	403
19868.2	402
20039.5	401
20299.7	400
20916.9	399
21157.8	398
21425.4	397
21848.5	396
21963.2	395
22442	394
22720.4	393
22894	392
23829.1	391
24003	390
