Frontier size:	46
Weakly effici:	0
Total time:	104.475
point	 time
0	2.91766
1	1.34875
2	1.5333
3	1.28776
4	1.25583
5	1.53472
6	2.13545
7	1.83983
8	1.28855
9	1.80142
10	1.42936
11	1.14374
12	1.28278
13	1.47243
14	2.23298
15	2.71873
16	2.57128
17	1.28927
18	1.24766
19	1.06609
20	1.43358
21	1.17459
22	1.01493
23	1.2027
24	1.22566
25	1.24164
26	0.806016
27	1.11803
28	1.29187
29	2.12621
30	0.983278
31	0.887055
32	0.743783
33	0.966736
34	1.36247
35	1.19008
36	1.31733
37	1.22311
38	3.35926
39	2.96243
40	1.32466
41	1.62879
42	1.69085
43	1.31866
44	1.20851
45	1.64132
================== Frontier ==================
29989.2	103
30002.3	98
30047.3	97
30053.7	91
30083.1	89
30116.6	88
30134.6	87
30145.7	74
30170.8	72
30206.4	70
30232.2	69
30250.5	68
30254.5	67
30271.8	64
30296.4	62
30354.8	61
30385.6	58
30434	57
30438.4	50
30529.9	49
30570.7	47
30575.1	46
30601.1	42
30648.9	41
30821.5	40
30861.9	39
30907.7	38
31044.9	37
31195.2	36
31313.5	33
31389.3	31
31404.8	30
31421.7	27
31562.3	26
31583.3	25
31606	24
31619.9	23
31660.2	22
32035.7	21
32081.6	20
32110.6	19
32216.1	18
32342.7	17
32353.1	16
32576.3	14
32756.7	13
