Frontier size:	27
Weakly effici:	0
Total time:	48.0888
point	 time
0	2.88032
1	2.47131
2	2.30566
3	2.77129
4	1.85464
5	2.28913
6	2.00275
7	2.072
8	1.72329
9	1.85385
10	2.29238
11	1.94
12	1.02865
13	0.984527
14	1.00317
15	0.690279
16	0.612134
17	0.656672
18	0.764456
19	0.923504
20	0.737836
21	1.13879
22	2.27449
23	1.34865
24	0.953376
25	0.649377
26	1.38546
================== Frontier ==================
29989.2	399
30080.6	398
30163.9	397
30302.2	396
30368.3	395
30448.7	394
30540.9	393
30620	392
30702	391
30753	390
30802	389
30864.1	388
30926.7	387
31036.6	386
31149	385
31291.9	384
31461.3	383
31531.9	382
31631	381
31723.3	380
31775.9	379
31916.2	378
32062.7	377
32093.3	376
32226.8	375
32465.3	374
32797.9	373
