Frontier size:	53
Weakly effici:	0
Total time:	377.234
point	 time
0	10.95
1	5.18726
2	4.79085
3	7.54265
4	6.42732
5	5.28697
6	6.03577
7	5.96656
8	6.88335
9	6.33123
10	4.95748
11	9.54181
12	5.16963
13	9.01095
14	7.29566
15	9.40323
16	7.1209
17	7.81289
18	6.96943
19	6.07212
20	9.25387
21	5.84913
22	8.91443
23	5.93249
24	8.61692
25	6.30528
26	4.21279
27	3.70089
28	4.03026
29	4.00256
30	3.04155
31	3.86348
32	4.63841
33	4.11812
34	3.30125
35	4.00421
36	3.75406
37	2.01838
38	2.14345
39	1.60723
40	1.85252
41	1.83527
42	1.33484
43	1.05496
44	0.652342
45	0.692158
46	0.471274
47	0.73328
48	1.02946
49	0.455853
50	0.437312
51	0.790878
52	0.61023
================== Frontier ==================
13949	123
13958.3	106
13966.6	102
14004.4	96
14017.1	95
14020.4	89
14035.7	84
14176	83
14228.7	80
14308.6	79
14317.5	78
14440.6	77
14455.9	75
14595.3	74
14632.1	73
14696	72
14764.5	71
14889.5	70
14928.9	69
14934.9	68
14953.8	67
14983.2	66
15201	64
15245.6	63
15390.7	62
15402.8	60
15416.2	59
15498.6	58
15515.1	57
15566.9	56
15583.4	55
15729.3	54
15848.5	53
16040.7	52
16249.7	51
16543	50
16992.6	48
17244.9	47
17561.2	46
17597	45
17918.9	44
18057.9	42
18507.7	41
19047.7	39
20755.2	38
21223.2	37
21292.2	36
21483.7	35
22156.6	34
23106.7	33
23678.8	32
24529.2	31
26524.1	30
