Frontier size:	54
Weakly effici:	0
Total time:	1071.21
point	 time
0	11.0553
1	4.78476
2	6.55128
3	6.37829
4	7.23129
5	5.67848
6	5.7644
7	5.05656
8	4.70109
9	4.85941
10	4.66461
11	4.93864
12	4.64798
13	7.5464
14	7.90675
15	8.95863
16	16.5222
17	13.5359
18	18.9217
19	21.973
20	39.2579
21	36.3442
22	24.8709
23	53.9088
24	27.7114
25	20.1967
26	20.6415
27	17.2914
28	50.038
29	35.6496
30	29.747
31	29.3604
32	34.5023
33	61.1136
34	40.8093
35	25.6459
36	11.6264
37	23.1274
38	14.4316
39	8.07236
40	21.0143
41	19.3947
42	16.4076
43	10.3037
44	16.475
45	14.76
46	21.2348
47	5.13577
48	6.81263
49	10.5225
50	5.63584
51	8.06735
52	6.70669
53	4.40981
================== Frontier ==================
13949	118
13977.4	112
14011.9	111
14069.6	109
14074.8	104
14077.1	101
14103.6	97
14108.6	96
14132.4	95
14159.8	94
14196.9	93
14199.7	92
14234.4	89
14392.3	88
14531.3	87
14589.4	85
14693.4	84
14727.7	78
14925.5	76
15007.8	75
15132.5	74
15194.8	72
15311.5	71
15414.4	69
15430.5	68
15436.3	67
15503.6	65
15612.4	64
15894.5	63
15928	62
15967.1	61
15992.4	60
16246.1	59
16439.1	58
16488.4	57
16529.1	56
16547.7	55
16635.1	54
16718.1	53
16827.5	52
17054.9	51
17183.9	50
17218.8	49
17253.9	48
17646	47
18140.3	46
18454	45
18485.9	44
18985.8	43
19080.2	42
19335.9	41
19418.3	40
19794.3	39
19809.7	38
