Frontier size:	32
Weakly effici:	0
Total time:	5194.62
point	 time
0	10.8415
1	11.6367
2	12.6289
3	15.9742
4	24.0111
5	16.2211
6	17.2482
7	29.2252
8	39.9099
9	21.1732
10	58.7689
11	94.1722
12	130.254
13	132.242
14	154.581
15	176.884
16	108.94
17	100.363
18	92.9775
19	222.125
20	234.279
21	158.248
22	72.2359
23	26.9998
24	196.565
25	259.81
26	363.263
27	641.157
28	1276.3
29	256.062
30	116.1
31	90.4858
================== Frontier ==================
13949	428
14114.3	427
14415.7	426
14703.6	425
14974.3	424
15132.3	423
15356.7	422
15631.3	421
16011.3	420
16182.2	419
16565.5	418
16881.2	417
17181.9	416
17408.3	415
17710.4	414
17927.1	413
18106.9	412
18312.7	411
18611.8	410
18952.5	409
19247.6	408
19458.4	407
19610.6	406
19651.2	405
20166.2	404
20422.6	403
20668.9	402
21034.4	401
21420.1	400
21573.2	399
21754	398
21944	397
