Frontier size:	19
Weakly effici:	0
Total time:	303.632
point	 time
0	12.4824
1	2.50939
2	4.78579
3	2.97034
4	2.27445
5	2.09046
6	1.56534
7	1.1954
8	4.23361
9	2.5131
10	2.73533
11	2.43487
12	1.79255
13	2.40507
14	3.30487
15	5.41502
16	3.03156
17	2.94299
18	5.18697
================== Frontier ==================
53551.8	62
53562.7	59
53574.4	53
53596	48
53624	44
53665.3	43
53727.4	42
53754	40
54111.4	39
54118.5	38
54150.4	37
54251.7	36
54410.4	35
54987.6	34
55102.2	33
55318.5	32
55381.6	31
55443.2	30
55839.2	29
