Frontier size:	63
Weakly effici:	0
Total time:	1022.35
point	 time
0	12.5602
1	4.70756
2	3.95343
3	3.81142
4	3.92023
5	2.36539
6	2.53758
7	2.60581
8	2.56111
9	7.27477
10	4.67628
11	3.44472
12	2.28463
13	2.03599
14	1.82833
15	4.76631
16	2.83972
17	2.93047
18	3.21794
19	3.03759
20	11.437
21	11.4569
22	3.81241
23	2.50275
24	3.1406
25	2.61783
26	3.01284
27	3.00149
28	4.50291
29	1.90914
30	1.40503
31	1.61217
32	2.20414
33	2.85057
34	3.27064
35	2.4123
36	2.01388
37	2.2675
38	2.50916
39	3.61773
40	2.56667
41	13.3253
42	21.9353
43	5.97172
44	3.61005
45	2.67508
46	8.91157
47	3.71284
48	3.00624
49	3.89156
50	2.72099
51	8.87172
52	6.73713
53	10.7826
54	3.05749
55	2.65099
56	2.19938
57	2.75621
58	4.80917
59	2.56571
60	4.4719
61	3.24723
62	6.45218
================== Frontier ==================
53551.8	111
53554.7	80
53566.4	79
53601.5	77
53623.8	76
53654.8	74
53662.9	73
53676.2	70
53713.4	69
53762.5	68
53779.2	67
53779.9	65
53783.8	64
53827.5	63
53845.3	62
53898.5	61
53899.8	60
53950.7	59
53954.6	58
53972.1	57
54028.1	55
54067.2	54
54075.6	52
54096.1	51
54124.5	49
54171.6	47
54215.2	45
54353.7	43
54399.8	42
54952.1	41
54992.1	40
55018.9	39
55098.4	38
55208.3	37
55227.8	36
55304.4	35
55317	34
55420	33
55442.5	32
55621.8	31
55739.3	30
55962.5	29
56268.9	28
56305.8	27
56326.1	26
56364.3	25
56556.1	24
56603.5	23
56819.8	22
56992.3	21
57010.3	20
57121.5	19
57175.1	18
57386.1	17
57518.6	16
57588.5	15
58580.6	14
58781.1	13
59003.2	12
59480.5	11
60043	10
60152.4	9
60475.2	8
