Frontier size:	34
Weakly effici:	0
Total time:	320.099
point	 time
0	12.3409
1	9.05252
2	12.129
3	19.4438
4	11.1176
5	10.7727
6	4.84098
7	10.5887
8	11.9245
9	4.43481
10	2.82053
11	3.66184
12	4.16312
13	4.90074
14	7.40302
15	2.55532
16	2.48195
17	2.5254
18	3.61782
19	2.95621
20	5.78948
21	4.47161
22	2.30328
23	1.04387
24	3.06314
25	1.88456
26	2.3312
27	3.42114
28	2.99749
29	3.08475
30	3.33575
31	2.17896
32	1.09521
33	2.1978
================== Frontier ==================
53551.8	432
53722.8	431
53844.6	430
54034.9	429
54176.9	428
54317.3	427
54443.5	426
54639.2	425
54764.6	424
54915.3	423
55055.9	422
55239.4	421
55476.1	420
55641.5	419
55832.6	418
56095.8	417
56287.3	416
56454.6	415
56813.2	414
56996.2	413
57200.1	412
57440.3	411
57679	410
57857.8	409
58074.4	408
58245.3	407
58375.9	406
58631.7	405
58859.4	404
59151.8	403
59638.4	402
59823.8	401
60042.4	400
60575.5	399
