Frontier size:	20
Weakly effici:	0
Total time:	323.666
point	 time
0	5.60457
1	2.43807
2	1.86935
3	3.45041
4	4.38512
5	5.82251
6	3.20788
7	3.73673
8	2.47234
9	2.41681
10	12.0126
11	2.40175
12	2.63588
13	7.59488
14	3.90835
15	7.22724
16	3.01479
17	2.51352
18	3.3284
19	5.90855
================== Frontier ==================
52318.4	83
52319	59
52332.5	57
52496.7	56
52540.8	48
52597.3	47
52626.3	46
52643.6	44
52792.9	43
52991.5	42
53080.5	40
53310.6	39
53324.3	38
53383.6	37
53485.3	36
53878.9	35
54310.4	34
54343.5	33
54757.5	32
55097.9	31
