Frontier size:	91
Weakly effici:	0
Total time:	1216.93
point	 time
0	5.62271
1	3.48284
2	3.25635
3	2.78071
4	2.95804
5	4.00645
6	3.745
7	3.54676
8	3.99283
9	3.13816
10	3.07913
11	3.79534
12	3.24547
13	3.2326
14	3.24343
15	5.73198
16	4.98657
17	4.25027
18	4.40285
19	4.16308
20	4.12244
21	4.49912
22	4.02059
23	3.57669
24	3.60173
25	3.92808
26	3.15997
27	3.46661
28	2.81623
29	2.19963
30	2.29828
31	2.59336
32	2.82719
33	2.62916
34	2.66792
35	2.5721
36	2.34856
37	2.99884
38	3.01356
39	3.13362
40	3.35845
41	2.99489
42	3.3011
43	2.84408
44	3.09844
45	2.69976
46	2.32227
47	2.43779
48	5.33214
49	2.97211
50	2.58107
51	2.42655
52	2.24664
53	2.14251
54	2.57162
55	3.22159
56	2.64579
57	3.16984
58	2.80305
59	3.1231
60	2.42588
61	2.43463
62	4.50563
63	2.54918
64	2.5954
65	2.57927
66	2.24057
67	2.31774
68	2.70816
69	2.60084
70	2.11861
71	2.99583
72	3.00935
73	2.89076
74	2.80563
75	2.39712
76	2.4117
77	2.40214
78	2.74159
79	2.29241
80	4.29034
81	4.45533
82	5.02807
83	4.22237
84	3.54291
85	2.83904
86	2.61333
87	2.28722
88	6.56826
89	3.78935
90	2.09353
================== Frontier ==================
52318.4	158
52320.2	154
52337.4	130
52361.7	125
52378.8	123
52410.8	122
52416.6	118
52419.5	115
52436.8	112
52456	111
52501.3	110
52510.3	109
52517.7	106
52520.8	105
52530.7	104
52548.8	103
52571.5	102
52589.8	99
52621.9	96
52659.6	95
52672.4	93
52679.6	92
52717.3	91
52722.1	90
52734.2	89
52769.2	87
52774.8	85
52811.3	84
52862.8	83
52879.4	82
52884.4	80
52893.3	79
52908.5	78
52920	77
52935.2	75
52953.9	74
52992.7	70
53055.6	69
53089.7	68
53091.3	67
53094.7	66
53117.3	64
53185.1	63
53200.9	62
53226.6	61
53238.9	60
53257.9	59
53281.7	58
53344.5	56
53355.4	55
53389.2	53
53433.9	52
53507.1	51
53557.2	50
53624.4	49
53654.2	48
53691.5	46
53709.8	45
53721.1	44
53742.3	42
53746.2	41
53751.1	39
53897.6	38
53928.9	36
53937.9	35
53997.2	33
54026	32
54036.9	30
54086	29
54136.9	27
54203.2	25
54237.6	24
54280.2	23
54310.3	22
54349.1	19
54382.9	16
54474.1	15
54650.6	14
54679.6	13
54732.1	12
54947.1	11
54962.1	10
55011.4	9
55093.2	8
55106.5	7
55181.4	6
55189.4	4
55234.9	3
55422.9	2
55458.6	1
55982	0
