Frontier size:	36
Weakly effici:	0
Total time:	253.669
point	 time
0	5.5325
1	3.9065
2	5.24595
3	3.20289
4	3.04452
5	2.3518
6	3.03653
7	2.2337
8	2.24978
9	2.21185
10	2.17331
11	3.18338
12	2.99939
13	3.38432
14	2.75058
15	2.76731
16	2.85933
17	2.39467
18	2.0015
19	2.39511
20	2.12326
21	3.00006
22	2.08558
23	2.0859
24	2.51294
25	2.03233
26	2.13389
27	1.6317
28	1.54156
29	1.78259
30	1.43957
31	2.94508
32	2.68165
33	2.64363
34	3.67658
35	2.79078
================== Frontier ==================
52318.4	451
52491.9	450
52691.6	449
52950.1	448
53132.8	447
53252.6	446
53377.8	445
53621.6	444
53800.5	443
53955.6	442
54174.9	441
54509.3	440
54704.6	439
54919.7	438
55199.7	437
55384	436
55545.3	435
55717.3	434
55904.6	433
56173.1	432
56358.7	431
56641.9	430
56809.7	429
57095.7	428
57362.7	427
57577.2	426
57800.6	425
58058.1	424
58187.8	423
58438.8	422
58692.8	421
58902.2	420
59118.3	419
59384.8	418
60037.5	417
60270.9	416
