Frontier size:	42
Weakly effici:	0
Total time:	596.672
point	 time
0	8.89936
1	4.47033
2	3.77701
3	2.68257
4	3.10165
5	2.78217
6	2.86126
7	2.86866
8	2.32255
9	2.81622
10	2.22885
11	1.9665
12	3.12057
13	2.93036
14	3.44089
15	3.40008
16	2.08435
17	1.46711
18	3.00813
19	2.56874
20	2.26212
21	1.76461
22	2.08614
23	1.82989
24	1.69282
25	1.60432
26	1.5719
27	1.74006
28	3.79434
29	13.5935
30	2.15535
31	3.31431
32	4.60306
33	3.6519
34	3.02574
35	4.35173
36	4.088
37	3.30901
38	6.28789
39	2.20947
40	4.72829
41	4.11795
================== Frontier ==================
54056.3	103
54063.8	99
54070	84
54089.1	80
54099.8	75
54112.8	74
54122.5	73
54122.7	67
54174.3	66
54184.6	65
54194.9	64
54197.1	63
54221.9	62
54224.7	61
54227.2	60
54248.4	59
54272.5	54
54325.2	51
54393.7	50
54420.3	49
54436.6	48
54456.9	47
54505.3	46
54552.5	45
54554.2	44
54585.8	43
54687.2	42
54703.2	41
54795.6	40
54870.3	39
54928.8	38
55076.8	37
55136.4	36
55169.8	35
55334.4	34
55378.9	33
55491.8	32
55496.9	31
55758.8	30
55833.9	29
56277.3	28
56390	27
