Frontier size:	34
Weakly effici:	0
Total time:	248.349
point	 time
0	8.66175
1	10.0473
2	5.24805
3	8.19436
4	3.6973
5	2.71279
6	2.70001
7	2.96343
8	2.39107
9	2.49596
10	1.90006
11	1.50857
12	1.74016
13	1.93314
14	2.30841
15	2.7422
16	2.68501
17	2.73684
18	2.32872
19	3.09938
20	1.84339
21	2.16419
22	2.3555
23	1.50318
24	2.20337
25	2.02585
26	2.27604
27	2.2924
28	2.58664
29	2.34137
30	2.03124
31	1.96309
32	1.95758
33	2.89688
================== Frontier ==================
54056.3	405
54118.3	404
54247.1	403
54354	402
54516.5	401
54657.5	400
54767	399
54933.2	398
55026.3	397
55175.9	396
55336	395
55434.8	394
55617.6	393
55801.9	392
55941.8	391
56129.8	390
56268.3	389
56492	388
56657.3	387
56873.1	386
57225.6	385
57446.5	384
57686.3	383
57926.9	382
58220.6	381
58470.1	380
58597.9	379
58810.3	378
58940.3	377
59153.5	376
59330.9	375
59540.2	374
59707.2	373
59966.1	372
