Frontier size:	32
Weakly effici:	0
Total time:	501.393
point	 time
0	4.55594
1	1.79582
2	1.71576
3	1.67147
4	1.99538
5	1.7202
6	1.75098
7	2.73526
8	1.92192
9	2.29284
10	2.28509
11	1.94114
12	1.71453
13	2.82639
14	1.97178
15	2.27121
16	1.89894
17	1.59486
18	3.68401
19	4.52955
20	2.76677
21	2.56691
22	3.85547
23	3.26984
24	8.46146
25	3.71757
26	1.99739
27	1.90737
28	21.5806
29	3.7446
30	6.80834
31	21.238
================== Frontier ==================
51313	90
51317.2	63
51324.1	62
51341.7	61
51367.5	56
51381.2	55
51390.9	54
51497.1	52
51511.6	49
51526.3	48
51750.7	47
51755	46
51765.6	45
51876.8	44
51917.1	43
51984.2	42
51989.7	41
52024.2	40
52122.6	39
52294.4	38
52303	36
52312.6	35
52357.4	34
52378.3	33
52491.1	32
52605.1	31
52720.5	30
52757	29
53136.5	28
53308.7	26
53442.5	25
53872.5	24
