Frontier size:	35
Weakly effici:	0
Total time:	265.644
point	 time
0	4.53404
1	2.84554
2	3.43647
3	3.27399
4	3.24414
5	3.09383
6	3.15766
7	2.47866
8	3.24429
9	3.44057
10	3.60583
11	3.52051
12	2.74623
13	3.56797
14	2.89297
15	3.2094
16	3.71273
17	2.92282
18	2.09702
19	3.02231
20	2.56484
21	3.84814
22	3.26717
23	1.78871
24	2.42079
25	2.46844
26	3.36986
27	3.08711
28	3.0956
29	2.32593
30	2.61819
31	2.70777
32	2.54847
33	2.69457
34	2.28506
================== Frontier ==================
51313	397
51417.3	396
51549.8	395
51635.4	394
51831.7	393
51922.9	392
52224.6	391
52430.3	390
52637.1	389
52792	388
52968.5	387
53153.8	386
53317.9	385
53635.8	384
53851.2	383
54063.4	382
54181.5	381
54374.5	380
54618.3	379
54937.8	378
55116.9	377
55403	376
55528.9	375
55716.6	374
55954.6	373
56227.9	372
56450.1	371
56650.5	370
56813	369
56965.3	368
57229.7	367
57442.7	366
57731.6	365
57943.1	364
58140.4	363
