Frontier size:	24
Weakly effici:	0
Total time:	393.867
point	 time
0	9.16538
1	4.09584
2	2.21714
3	1.81652
4	2.27048
5	1.49373
6	1.60652
7	2.35141
8	1.20117
9	1.27835
10	1.22613
11	1.55725
12	22.3561
13	12.0321
14	16.2853
15	1.63971
16	8.17445
17	2.84259
18	2.22228
19	2.26484
20	8.4298
21	2.59647
22	3.42229
23	1.61969
================== Frontier ==================
53635.9	75
53647.7	67
53676.5	59
53709.7	57
53750.4	54
53755.1	53
53757.1	52
53858.5	51
53874.8	50
53904	49
53906.7	48
53953	47
54057.8	46
54060.7	45
54103.3	44
54360.7	41
54468.4	40
54614.3	39
54690.6	38
54774.7	37
55243.3	36
55423.3	35
55616.1	34
56360.7	33
