Frontier size:	39
Weakly effici:	0
Total time:	539.208
point	 time
0	8.81139
1	3.44296
2	3.02048
3	2.59572
4	2.47972
5	1.85159
6	2.11695
7	1.86077
8	1.68927
9	1.80389
10	2.02957
11	2.29739
12	2.08057
13	1.90691
14	1.78066
15	1.48595
16	1.58933
17	1.42125
18	1.3194
19	1.24116
20	1.21106
21	1.41129
22	1.47386
23	1.72583
24	1.48747
25	1.4093
26	1.72692
27	2.09757
28	1.72675
29	1.7434
30	1.78644
31	1.60644
32	1.61334
33	1.34463
34	5.45236
35	2.8352
36	4.42398
37	2.21057
38	1.78625
================== Frontier ==================
53635.9	83
53641.7	76
53651.4	72
53661.6	67
53674.5	66
53681.8	65
53704.2	64
53704.9	62
53711	61
53739.1	60
53743.8	58
53757.4	57
53772.8	55
53786.3	54
53788.6	53
53792.3	52
53795.1	51
53842.6	50
53869.2	49
53888	48
53927.3	47
53957.9	46
54035.9	45
54052.8	44
54055.4	43
54069.3	42
54262.5	41
54322.4	40
54738	39
54812.3	38
54832.8	37
54936.2	36
54938.4	35
54967.6	34
55262.2	33
55339.8	32
55380.5	31
55461.2	30
55501.4	28
