Frontier size:	40
Weakly effici:	0
Total time:	340.18
point	 time
0	8.61603
1	6.04314
2	4.32848
3	6.70767
4	5.1771
5	8.58403
6	5.25618
7	4.52492
8	3.63849
9	4.42146
10	3.83221
11	3.64187
12	3.9023
13	2.87194
14	3.79685
15	5.68782
16	7.37067
17	3.10771
18	2.33444
19	3.29071
20	4.71544
21	2.65921
22	3.57463
23	3.50195
24	3.63325
25	4.4883
26	3.49987
27	2.93971
28	2.31411
29	1.94164
30	1.66664
31	2.97417
32	3.34388
33	3.68156
34	2.09754
35	2.80177
36	3.01424
37	4.03164
38	2.82776
39	2.37201
================== Frontier ==================
53635.9	409
53702.1	408
53792.3	407
53912.2	406
54080.4	405
54274.8	404
54431.6	403
54652.5	402
54726.5	401
54957.7	400
55231.6	399
55406.1	398
55636.2	397
55814.1	396
55997.9	395
56152.8	394
56332.9	393
56558.1	392
56734.2	391
56929.5	390
57176.7	389
57352.6	388
57586.9	387
57833.5	386
57999.9	385
58304.2	384
58415.7	383
58653.6	382
58827.9	381
59029.6	380
59132.2	379
59404.1	378
59784.2	377
60110.8	376
60201.5	375
60462.8	374
60907.9	373
61091.4	372
61952	371
62323.9	370
