Frontier size:	26
Weakly effici:	0
Total time:	564.62
point	 time
0	10.5461
1	5.4678
2	4.36947
3	2.98614
4	12.0173
5	9.27384
6	6.20303
7	4.07797
8	4.34193
9	6.13058
10	10.0579
11	5.33359
12	38.0376
13	8.801
14	7.14136
15	15.7449
16	7.07464
17	2.73736
18	5.85801
19	7.95968
20	3.94857
21	6.15015
22	4.49111
23	6.51465
24	7.17602
25	27.2275
================== Frontier ==================
33041.5	65
33132	60
33151	55
33187.8	52
33390.1	48
33396.8	47
33418.1	46
33439.6	45
33460.3	44
33724.6	42
33948	41
33965.2	40
34176.8	39
34275.2	38
34501.4	37
34752.4	36
35049.8	35
35090.5	34
35710.3	33
36118.2	32
36263.8	31
36912.2	30
37235	29
37731.8	28
38859.4	27
40685.1	26
