Frontier size:	64
Weakly effici:	0
Total time:	1211.28
point	 time
0	10.4116
1	4.20504
2	4.75183
3	6.4844
4	6.22348
5	9.00895
6	6.55507
7	4.14847
8	4.47058
9	4.35957
10	6.35873
11	5.51474
12	7.60814
13	7.3588
14	7.67364
15	8.11678
16	4.19923
17	5.38669
18	4.1668
19	5.50313
20	4.85
21	5.31745
22	5.30688
23	3.83047
24	4.48167
25	5.23311
26	3.79482
27	3.33438
28	3.64361
29	3.69295
30	4.01944
31	3.70573
32	2.96287
33	6.60616
34	4.57404
35	9.3808
36	8.20452
37	7.26909
38	9.21476
39	17.3275
40	6.69685
41	4.12448
42	8.85501
43	7.81137
44	6.01102
45	5.95702
46	4.83473
47	8.35548
48	6.52044
49	8.23758
50	8.81886
51	5.3628
52	11.3399
53	15.9462
54	5.96774
55	13.9056
56	9.81678
57	7.72189
58	26.0803
59	15.9636
60	7.69843
61	6.2046
62	9.28168
63	5.14366
================== Frontier ==================
33041.5	94
33060.3	89
33092.8	86
33178.3	85
33183.3	84
33254.6	82
33258.2	78
33266.3	76
33274.7	74
33305.5	73
33335.1	72
33350.4	71
33365.7	70
33371.6	69
33382.1	68
33383.9	66
33437.4	65
33479.8	63
33555.9	61
33586.2	60
33590.5	59
33623.3	58
33634.6	57
33656.6	56
33730.6	55
33753.5	54
33757.6	53
33784	52
33796.8	51
33818.8	50
33821.7	49
33838	48
33873.6	47
34005.3	45
34089.3	44
34133.5	42
34201.7	41
34223.3	40
34304.3	39
34385	38
34439.5	37
34517.6	36
34739.5	35
34818.5	34
34963.6	33
35038.9	32
35098.8	31
35310.4	30
35514.6	29
35666.9	28
35772.4	27
35953.6	26
36249.8	25
36342.6	24
36378	23
36556.6	22
36714.5	21
36830.6	20
37304.2	19
37400	18
37853.6	17
37994.5	16
38359.6	15
38837.3	14
