Frontier size:	32
Weakly effici:	0
Total time:	398.069
point	 time
0	10.653
1	9.6699
2	9.63625
3	9.74867
4	10.4995
5	8.98654
6	10.9633
7	6.58454
8	11.1355
9	12.5733
10	9.84702
11	7.57681
12	12.5121
13	8.41745
14	8.16274
15	5.77993
16	4.2965
17	16.8337
18	6.56415
19	6.55289
20	7.35694
21	6.8296
22	12.1674
23	8.76205
24	5.57697
25	8.04004
26	5.65397
27	6.15867
28	8.16479
29	5.26015
30	6.56043
31	9.43118
================== Frontier ==================
33041.5	462
33176.4	461
33319.3	460
33488.1	459
33635.8	458
33918.4	457
34224	456
34367.8	455
34707.8	454
34834.7	453
35000.6	452
35220.3	451
35396.2	450
35643.7	449
35799.9	448
35994.4	447
36217.9	446
36527.7	445
36689.7	444
36928	443
37027.3	442
37248.9	441
37569.4	440
37749.1	439
37926.9	438
38091	437
38295	436
38775.5	435
39029.3	434
39209.4	433
39676.5	432
40036.3	431
