Frontier size:	49
Weakly effici:	0
Total time:	883.071
point	 time
0	5.50814
1	3.14232
2	2.97468
3	2.20831
4	2.41245
5	2.22058
6	2.3101
7	2.7956
8	2.31531
9	3.00438
10	2.33869
11	2.42002
12	2.55874
13	2.33607
14	2.61471
15	3.55836
16	7.08794
17	5.4834
18	6.04667
19	10.0773
20	11.9124
21	7.56981
22	5.76787
23	5.80898
24	4.45245
25	6.25798
26	6.92523
27	7.05526
28	5.02971
29	22.4813
30	7.43431
31	16.4342
32	13.013
33	5.7997
34	6.29196
35	5.55916
36	4.86706
37	4.35049
38	4.43048
39	6.10364
40	5.53697
41	19.0854
42	9.46251
43	4.63802
44	5.91271
45	5.70945
46	9.38977
47	12.8022
48	11.0275
================== Frontier ==================
33146.9	90
33186.2	84
33189.1	77
33194.4	75
33254.4	73
33272.7	70
33275.3	69
33288.7	66
33297.3	65
33311.3	64
33312.5	62
33339.3	61
33381.6	60
33440.3	59
33465.6	58
33538.9	57
33860	56
33936.8	55
33969.1	54
34072.1	53
34127.7	52
34169.2	51
34175.5	50
34223	49
34253.7	48
34341.4	47
34378.5	46
34411.5	45
34465.5	44
34625.3	43
34722	42
34848.2	41
34933.7	39
35019.7	38
35097.3	37
35183.5	36
35188.8	35
35199	34
35234	33
35309.2	32
35343.9	31
35684.3	30
35862.8	29
35878.6	28
36632	27
36701.4	26
36993.5	25
37243.5	24
37617.3	23
