Frontier size:	29
Weakly effici:	0
Total time:	313.167
point	 time
0	5.37534
1	3.57002
2	2.67517
3	3.29383
4	4.42132
5	3.5387
6	4.08227
7	6.46231
8	6.48578
9	5.29951
10	6.34374
11	4.23259
12	3.56182
13	5.94421
14	4.99308
15	5.60712
16	6.62795
17	4.96492
18	3.41035
19	9.72358
20	6.94182
21	9.64841
22	10.5081
23	8.44922
24	7.16632
25	7.8716
26	10.9221
27	39.8847
28	6.89655
================== Frontier ==================
33146.9	435
33372.7	434
33713.9	433
33969.5	432
34136.9	431
34390.4	430
34678.8	429
34836.8	428
35096.7	427
35297.4	426
35508.2	425
35739.6	424
35887.7	423
36051.4	422
36233.9	421
36469.3	420
36600.1	419
36853.1	418
37109.8	417
37316.3	416
37461	415
37715.1	414
37866.6	413
38235.8	412
38447.4	411
38708.5	410
38917.3	409
39320.5	408
39555.8	407
