Frontier size:	19
Weakly effici:	0
Total time:	375.254
point	 time
0	6.32552
1	4.27764
2	8.39776
3	3.81999
4	9.54604
5	22.7985
6	3.45184
7	19.2429
8	7.05922
9	8.41463
10	8.10137
11	3.7944
12	8.52114
13	7.27914
14	6.31115
15	4.26528
16	4.03571
17	2.58631
18	16.275
================== Frontier ==================
33617.4	71
33698.5	66
33782.7	53
33792.6	51
33855.6	49
34020.7	48
34026.9	47
34101.8	45
34135.1	44
34468.2	43
34502.9	42
34522.1	40
34950.2	39
35067.4	38
35243.7	37
35692	36
35838.9	35
36141.6	34
36672.7	33
