Frontier size:	65
Weakly effici:	0
Total time:	1267.52
point	 time
0	6.49398
1	1.99102
2	1.77048
3	2.0879
4	3.05036
5	3.5528
6	3.59303
7	3.46051
8	3.07107
9	3.244
10	2.74516
11	2.2286
12	2.36432
13	2.32415
14	2.62076
15	2.36221
16	2.55321
17	3.11021
18	3.06847
19	2.62564
20	2.31905
21	2.30093
22	2.44317
23	4.47634
24	3.35938
25	3.31316
26	39.6749
27	24.2619
28	13.2625
29	8.37832
30	6.73444
31	8.93526
32	7.78415
33	13.5846
34	8.16243
35	5.38997
36	3.44145
37	4.63479
38	3.18546
39	5.44642
40	18.3114
41	17.2397
42	8.36067
43	5.94026
44	6.29761
45	6.58097
46	7.04203
47	10.6995
48	18.8612
49	15.4904
50	18.6893
51	11.0333
52	12.6019
53	15.846
54	18.7177
55	10.4235
56	6.46882
57	15.6305
58	12.2321
59	9.66834
60	15.3839
61	8.6133
62	13.6777
63	14.0005
64	11.9884
================== Frontier ==================
33617.4	98
33619.4	90
33629.5	88
33651	87
33691.2	84
33694.6	82
33710.2	79
33716.6	78
33727.1	77
33749.4	74
33761.3	72
33784.4	71
33808.5	70
33831	69
33832.5	67
33843.7	65
33882.2	63
33901.5	62
33949.8	60
33988.4	59
34003.5	58
34084.9	57
34091.7	56
34162	55
34170	54
34202.4	53
34496.7	52
34504.7	51
34544.6	50
34570.8	49
34572.4	48
34599.9	47
34732.9	46
34781.6	45
34791.8	43
34944.5	42
34961.6	41
35040.3	39
35127.8	38
35195.1	37
35358.6	36
35563.7	35
35829.4	34
36111.5	33
36377	32
36545.4	31
36574.4	30
36721.8	29
36967.9	28
37022.7	27
37098	26
37106.4	25
37273	24
37568.4	23
37742.1	22
37844.7	21
37871.1	20
38124.6	19
38374.2	18
39142.6	17
40209.1	16
40261.2	15
40380.8	14
40513.1	13
41002.6	12
