Frontier size:	34
Weakly effici:	0
Total time:	358.642
point	 time
0	6.33649
1	2.84371
2	4.07123
3	7.43015
4	6.00021
5	4.45174
6	4.73685
7	5.60125
8	4.95359
9	6.32619
10	5.28918
11	5.49944
12	10.2185
13	4.82559
14	5.60695
15	7.11651
16	6.111
17	5.10929
18	4.73503
19	4.65378
20	3.56055
21	3.76352
22	3.97973
23	3.27644
24	4.20608
25	5.03184
26	8.72675
27	8.68057
28	12.2312
29	11.2077
30	7.07583
31	9.15043
32	9.8943
33	9.66538
================== Frontier ==================
33617.4	422
33756.6	421
33927.7	420
34160.7	419
34468.4	418
34601.1	417
34871.1	416
35027.5	415
35282.4	414
35492.2	413
35744.4	412
35892.9	411
36252.1	410
36491.8	409
36734.7	408
36895.7	407
37039.4	406
37191.7	405
37290.7	404
37502.3	403
37697.7	402
37915	401
38279	400
38540.4	399
38799	398
38932.6	397
39295.4	396
39519.1	395
39702	394
39988.1	393
40214.8	392
40529	391
40849.6	390
41146.9	389
