Frontier size:	22
Weakly effici:	0
Total time:	375.912
point	 time
0	6.67038
1	3.67836
2	5.32079
3	2.86185
4	7.14347
5	4.36201
6	2.71683
7	3.03592
8	2.2155
9	2.05831
10	12.5361
11	5.1434
12	4.60162
13	8.44247
14	4.07653
15	5.56442
16	4.7387
17	4.89054
18	6.03801
19	6.50991
20	3.23601
21	2.8123
================== Frontier ==================
32830.1	83
32848.1	77
32905.1	61
32931.9	56
33077.2	54
33115.7	53
33300	51
33424.4	50
33436.1	49
33476.4	46
33721.5	45
33747.3	44
33819.1	43
34085.4	40
34255.2	39
34754.8	38
34874.2	37
35294.1	36
35789.1	35
35986.4	34
36247.4	33
36386	32
