Frontier size:	82
Weakly effici:	0
Total time:	1511.99
point	 time
0	6.64195
1	3.11077
2	3.02015
3	3.06151
4	2.82786
5	2.49349
6	2.53769
7	2.01195
8	1.79641
9	2.31658
10	2.16051
11	2.00788
12	2.63062
13	2.99529
14	3.73592
15	3.63143
16	3.04942
17	5.00617
18	6.16762
19	6.54112
20	6.98372
21	5.66546
22	4.91733
23	4.44954
24	5.1497
25	4.12297
26	6.62363
27	5.26476
28	6.49323
29	6.4122
30	4.15506
31	4.32029
32	4.53864
33	3.74473
34	3.80114
35	3.86882
36	3.66447
37	3.22793
38	3.08422
39	3.41541
40	4.23853
41	3.98369
42	4.63798
43	5.34759
44	11.8877
45	17.0894
46	14.4652
47	10.0675
48	5.07222
49	4.4515
50	4.44778
51	8.80289
52	5.39988
53	6.33793
54	6.98606
55	5.18622
56	6.36624
57	5.59093
58	5.31398
59	4.82452
60	6.65229
61	6.95205
62	6.73802
63	12.7996
64	8.75452
65	8.54095
66	7.95109
67	10.3348
68	11.7916
69	8.35355
70	7.37887
71	8.49477
72	8.22838
73	11.7154
74	11.3199
75	13.1761
76	12.0574
77	13.6293
78	18.2574
79	12.5338
80	30.0642
81	22.1589
================== Frontier ==================
32830.1	123
32865.4	111
32884.7	110
32885.3	100
32896.1	96
32900.7	94
32905.5	90
32911.7	87
32940.7	86
32948.6	84
32977	82
33070.2	81
33096.3	80
33106.6	79
33146.4	77
33154.1	76
33173.8	75
33257.5	74
33348.2	73
33373	69
33399.1	68
33405.5	67
33410.3	66
33456.4	65
33489.2	64
33497.5	63
33538.6	62
33544	59
33573	58
33601.1	55
33618	54
33620.3	53
33715.9	52
33725.6	50
33745.7	49
33786	48
33793.1	47
33803	46
33824.2	45
33850.9	44
33907.6	43
33912.3	42
33957	41
33992.4	40
34225.8	39
34253.9	38
34280.4	37
34298.9	36
34473.1	34
34480	33
34505.7	32
34643.7	31
34650.9	29
34706.1	28
35005.6	27
35016	26
35081.7	25
35123.8	24
35152.1	23
35153.5	22
35460.2	21
35488.5	20
35584.3	19
35640.2	18
35764.7	17
35914.2	16
36392.9	15
36536.6	14
36706.4	13
36753.2	12
36819.9	11
36891.6	10
37021	9
37314.8	8
37569.7	7
37713.3	6
37883.8	5
37980.9	4
38330.8	3
38377.7	2
39092.6	1
39535.5	0
