Frontier size:	37
Weakly effici:	0
Total time:	579.694
point	 time
0	6.38596
1	7.28716
2	10.2001
3	5.48912
4	4.56263
5	6.89036
6	13.9566
7	8.18436
8	16.3639
9	8.13393
10	12.1749
11	9.35043
12	15.8446
13	16.2316
14	11.9234
15	8.95611
16	8.03814
17	7.9896
18	7.31928
19	8.25076
20	7.2524
21	8.63025
22	10.7863
23	5.6922
24	7.32035
25	11.7844
26	10.914
27	9.12116
28	10.4787
29	7.02824
30	32.4483
31	27.9711
32	10.1154
33	18.7558
34	30.9356
35	11.8509
36	15.2927
================== Frontier ==================
32830.1	451
33110.1	450
33216.7	449
33419.8	448
33622.3	447
33858	446
34092.9	445
34224.1	444
34518.4	443
34703.1	442
35023.4	441
35238.4	440
35481.4	439
35644.8	438
35863.5	437
35988.8	436
36101.4	435
36288.6	434
36569.8	433
36804.4	432
36875	431
37036	430
37281.7	429
37456.7	428
37761.5	427
38040.9	426
38172.3	425
38455.5	424
38709.2	423
38866.5	422
39158.4	421
39257.4	420
39533.1	419
39746.6	418
39999.8	417
40328.9	416
40533.1	415
