Frontier size:	41
Weakly effici:	0
Total time:	92.5432
point	 time
0	1.51233
1	0.886312
2	1.24764
3	1.2902
4	1.75034
5	1.51842
6	2.05543
7	1.27964
8	1.72542
9	1.12953
10	1.35508
11	1.1476
12	0.908748
13	0.924515
14	1.1051
15	0.788084
16	4.11304
17	4.86612
18	2.24246
19	3.24852
20	2.05148
21	1.41319
22	1.72345
23	1.6552
24	2.22342
25	1.09931
26	1.20748
27	1.49061
28	1.31529
29	1.32597
30	1.43169
31	1.02716
32	1.05559
33	0.629123
34	0.918056
35	1.82625
36	0.878061
37	1.12316
38	1.27929
39	1.36998
40	0.988395
================== Frontier ==================
27601.5	108
27663.9	93
27751	89
27797.9	88
27835.8	86
27866.1	83
27902.4	82
27915.5	81
27949.3	79
27988.6	78
27990.4	77
27995.8	75
28009	73
28018.1	70
28060.1	66
28061.2	63
28401.7	62
28455	61
28518.2	60
28612.3	59
28626.6	57
28679.9	56
28690.9	54
28706.3	51
28756.8	49
28771.3	48
28808.4	45
28819.3	43
28987.2	42
29043.7	41
29168.3	40
29226.5	39
29259.8	37
29276.2	34
29340.1	32
29722.8	31
29772.5	30
29970	29
30171.3	26
30253.2	23
30272	20
