Frontier size:	40
Weakly effici:	0
Total time:	57.0361
point	 time
0	1.43014
1	2.08348
2	1.58425
3	1.15171
4	1.08365
5	1.03221
6	0.971995
7	0.914115
8	1.13971
9	1.136
10	1.15461
11	1.6047
12	1.36655
13	1.12579
14	1.14606
15	0.810825
16	1.04253
17	0.885085
18	1.36673
19	1.04225
20	1.21052
21	1.54822
22	1.37845
23	0.8925
24	1.16481
25	1.82175
26	0.981613
27	0.986354
28	1.5203
29	0.776292
30	0.616816
31	0.649494
32	1.13049
33	1.1789
34	0.367946
35	0.657572
36	0.936029
37	0.825281
38	1.05619
39	0.775143
================== Frontier ==================
27601.5	423
27771.3	422
27883	421
28019.5	420
28057.2	419
28081.7	418
28158.5	417
28260.7	416
28344.2	415
28394	414
28478.4	413
28715.3	412
28773.3	411
28805.6	410
29083.8	409
29272.5	408
29417.3	407
29536.8	406
29762.1	405
29808.5	404
29923.7	403
29995.7	402
30064	401
30116.9	400
30207.1	399
30417.2	398
30447.4	397
30565.6	396
30643	395
30797.5	394
31097.6	393
31251.1	392
31377.4	391
31446.8	390
31545.4	389
31742.8	388
32379.4	387
32430.2	386
32725.6	385
32889.6	384
