Frontier size:	27
Weakly effici:	0
Total time:	931.853
point	 time
0	29.581
1	24.8918
2	15.5204
3	14.4438
4	12.648
5	10.7406
6	28.2153
7	24.3894
8	20.911
9	77.5463
10	36.3571
11	46.0025
12	42.4161
13	50.9678
14	39.547
15	12.225
16	3.81665
17	10.1934
18	11.8151
19	8.10549
20	16.2705
21	19.2146
22	14.8249
23	5.8394
24	5.12585
25	5.38826
26	15.2262
================== Frontier ==================
34127.1	72
34197.4	71
34200.3	66
34201.4	54
34212.6	52
34220	51
34242.1	50
34247.7	49
34258.6	48
34375	46
34386.1	45
34411.3	43
34414.9	42
34467.5	40
34495.5	39
34606.3	38
34618.1	37
35062.6	36
35588	35
35692.9	34
36035.2	33
36087.9	32
36491.9	31
36766.1	30
37209.3	29
37796.7	28
39406.8	27
