Frontier size:	44
Weakly effici:	0
Total time:	1780.3
point	 time
0	28.9052
1	6.81593
2	7.5174
3	9.13841
4	9.51389
5	5.98852
6	14.0387
7	118.415
8	41.1813
9	44.8745
10	49.264
11	29.7795
12	26.2137
13	44.6427
14	33.5074
15	21.8183
16	55.3499
17	52.9216
18	52.7248
19	56.2314
20	23.3399
21	16.2306
22	7.21967
23	11.261
24	14.1934
25	11.4663
26	9.98503
27	11.4371
28	48.3057
29	118.727
30	44.889
31	18.0325
32	32.5385
33	17.7616
34	32.813
35	16.1439
36	25.0814
37	25.7654
38	5.6875
39	10.5997
40	3.48193
41	11.4287
42	18.4941
43	14.0322
================== Frontier ==================
34127.1	77
34153.5	70
34171.6	69
34249.4	68
34286.1	66
34294.2	65
34349.5	64
34621.3	63
34642	60
34666.7	58
34720.5	56
34741.7	55
34744.2	54
34778.3	53
34782.8	51
34795.8	50
34910.5	49
34954.7	48
34958.9	47
34962.8	45
34982	44
35018.5	43
35129.9	42
35393.3	41
35486.3	40
35873.5	39
35895.3	38
35982.9	37
36170.2	36
36394.2	35
36511.4	34
36553.5	33
36705.8	32
36999.9	31
37144.6	30
37391.2	29
37533.5	28
37721.2	26
37733	25
37845.9	24
37898.2	23
38287.6	22
38733.2	21
39938.7	20
