Frontier size:	35
Weakly effici:	0
Total time:	3644.88
point	 time
0	29.212
1	80.7202
2	10.9532
3	87.887
4	42.3072
5	466.305
6	725.981
7	80.8265
8	54.4379
9	17.9886
10	40.4805
11	12.5361
12	73.1376
13	16.5516
14	87.9266
15	38.006
16	40.5245
17	133.018
18	22.5746
19	44.1476
20	62.9251
21	16.3356
22	115.074
23	43.3224
24	16.2327
25	57.8921
26	44.7995
27	42.1393
28	23.3622
29	87.2235
30	302.335
31	81.9402
32	28.9508
33	100.814
34	365.263
================== Frontier ==================
34127.1	421
34377.7	420
34561.8	419
34907.7	418
35045.6	417
35303.7	416
35476	415
35756.3	414
36055.6	413
36200.6	412
36420.8	411
36493.5	410
36731.9	409
36833.9	408
37118.8	407
37268	406
37421.9	405
37773.7	404
37892	403
38050.7	402
38337.9	401
38630.8	400
38934.1	399
39133.1	398
39259	397
39454.7	396
39630.8	395
39871.2	394
40074.6	393
40404.1	392
40673.1	391
40843	390
41340.4	389
41828.7	388
42062.4	387
