Frontier size:	38
Weakly effici:	0
Total time:	1128.45
point	 time
0	49.1617
1	27.9128
2	21.549
3	87.8744
4	74.7403
5	41.0426
6	8.84057
7	5.16167
8	45.5078
9	13.0014
10	18.2265
11	37.561
12	33.9259
13	38.3122
14	15.7511
15	16.5156
16	10.39
17	7.99641
18	9.85568
19	6.58597
20	4.18139
21	11.6118
22	25.8578
23	11.4981
24	12.0525
25	5.58684
26	4.72956
27	6.24832
28	2.92865
29	3.31674
30	2.54952
31	4.94829
32	4.82597
33	3.49907
34	1.54908
35	1.16808
36	0.528158
37	0.430233
================== Frontier ==================
20455.8	98
20463.5	79
20500	75
20577.5	73
20581.8	62
20628	60
20686.1	59
20706.7	58
20883	57
20922.7	56
20990.8	55
21034.3	54
21297.7	53
21321.2	52
21364.8	51
21511.5	50
21533.4	47
21885.4	46
22061.4	45
22082.2	44
22130.5	43
22659	42
23077.2	41
23107.9	40
23405.1	39
23449.9	38
24033.7	37
24460.5	36
24495.6	35
24680.3	34
25088.6	33
26838.8	32
27622.4	31
28374.1	30
28805.6	29
30336.3	28
31115.6	27
31992.2	26
