Frontier size:	39
Weakly effici:	0
Total time:	1201.35
point	 time
0	48.532
1	25.8105
2	20.3527
3	73.83
4	65.9795
5	39.4557
6	56.9919
7	10.9911
8	25.0898
9	20.1935
10	13.2929
11	14.8819
12	32.5481
13	46.0611
14	33.734
15	26.4395
16	18.229
17	19.7271
18	14.6217
19	10.1361
20	6.78215
21	8.6416
22	18.0465
23	18.8956
24	14.8195
25	12.845
26	4.97888
27	4.37926
28	2.65571
29	2.10561
30	5.45808
31	2.88835
32	5.69629
33	3.1349
34	1.11578
35	3.77135
36	2.11125
37	1.45247
38	0.516542
================== Frontier ==================
20455.8	94
20463.5	80
20500	73
20579.3	72
20581.8	64
20618.1	63
20637.8	62
20686.1	59
20814.1	58
20861.8	56
20940.9	55
21150.5	54
21297.7	53
21366.5	52
21431.7	51
21513.5	49
21587.2	48
21718.3	47
21946.7	46
22240.4	45
22275.6	44
22491.9	43
22858.1	41
23321.5	40
23479.8	39
23811.3	38
23966.9	37
24027.3	36
24193.6	35
24799.3	34
25723.7	33
26194.7	32
27032	31
27635.3	30
28122.5	29
29572.8	28
30033.1	27
32029.6	26
33483.1	25
