Frontier size:	29
Weakly effici:	0
Total time:	10803
point	 time
0	50.935
1	124.697
2	467.103
3	743.393
4	2541.32
5	628.016
6	187.193
7	97.0922
8	274.775
9	255.431
10	349.887
11	359.478
12	259.855
13	339.884
14	390.414
15	52.7586
16	131.19
17	195.676
18	237.149
19	975.182
20	258.27
21	817.419
22	255.156
23	151.147
24	72.9416
25	88.3409
26	147.092
27	128.921
28	115.864
================== Frontier ==================
20455.8	421
20604.7	420
20931.8	419
21195	418
21590.2	417
21703.2	416
21854.4	415
21974.2	414
22177.1	413
22392.9	412
22611	411
22776.5	410
23029.7	409
23200.7	408
23449.6	407
23626.2	406
23907.4	405
24176.9	404
24402	403
24752.4	402
24911.5	401
25274.5	400
25471.2	399
25695.6	398
25779.3	397
26023.7	396
26511.4	395
26755.1	394
27137.2	393
