Frontier size:	40
Weakly effici:	0
Total time:	1011.37
point	 time
0	42.7895
1	14.6687
2	18.2326
3	15.1501
4	20.5911
5	15.9584
6	11.9442
7	11.4938
8	16.9492
9	15.5835
10	9.46147
11	11.7641
12	9.49164
13	12.8079
14	23.2956
15	18.4878
16	9.75919
17	21.7201
18	15.9945
19	10.5542
20	11.6117
21	10.2575
22	6.97539
23	11.8739
24	22.9657
25	11.0268
26	12.9763
27	9.19317
28	19.9694
29	14.2039
30	8.56561
31	10.3082
32	7.27796
33	16.0962
34	7.81731
35	6.43751
36	6.36221
37	2.05573
38	2.59761
39	0.618186
================== Frontier ==================
19428	73
19522.6	69
19599.3	67
19601.8	65
19664.1	64
19671.4	62
19684.6	61
19746.4	60
19822.3	56
19956.2	55
19965.7	54
20138.3	53
20267.3	52
20304.8	51
20430	50
20514.5	49
20652.9	48
20780.1	47
20875.3	46
20961.8	45
21257	44
21292.3	43
21513.3	42
21838.6	41
22204.4	40
22378	39
22764.7	38
23042.1	37
23627.3	36
23952.2	35
24787.5	34
25845.7	33
26227.4	32
27127.8	31
27339.4	30
28915.7	29
30537.7	28
31603	27
33386.4	26
35778.4	25
