Frontier size:	101
Weakly effici:	0
Total time:	7341.97
point	 time
0	42.6328
1	21.9422
2	20.3285
3	19.8647
4	55.7275
5	36.7212
6	65.4419
7	46.6065
8	46.096
9	38.3276
10	38.7786
11	37.5114
12	34.829
13	29.8634
14	28.2744
15	39.277
16	37.3179
17	34.012
18	60.0329
19	30.6298
20	24.0521
21	51.3411
22	40.0342
23	25.7067
24	26.1989
25	31.658
26	27.2645
27	62.157
28	81.6365
29	62.0623
30	39.8012
31	41.3888
32	72.693
33	59.3735
34	85.2985
35	116.81
36	46.8432
37	113.142
38	60.3849
39	46.6339
40	83.3913
41	50.281
42	63.2902
43	60.009
44	94.4981
45	75.1707
46	119.62
47	132.74
48	126.527
49	111.713
50	95.5958
51	96.5628
52	110.048
53	95.769
54	49.2747
55	141.18
56	121.412
57	76.2212
58	63.2727
59	51.9782
60	61.9764
61	45.6285
62	38.3572
63	59.4887
64	104.179
65	61.7505
66	109.699
67	91.7185
68	40.0262
69	72.2696
70	80.2153
71	78.8318
72	118.308
73	98.7788
74	73.0096
75	103.631
76	38.5378
77	39.5371
78	52.5172
79	126.156
80	189.943
81	103.311
82	154.736
83	61.3763
84	61.6884
85	58.5477
86	59.509
87	28.1776
88	21.6728
89	38.5138
90	33.0883
91	31.616
92	53.7639
93	27.5404
94	9.23117
95	7.47569
96	29.5475
97	24.4104
98	15.4843
99	16.6329
100	19.7883
================== Frontier ==================
19428	130
19435.4	122
19456.2	119
19473.2	111
19579.3	108
19626.8	105
19668.8	104
19675.9	102
19730	101
19759	100
19770	99
19773.3	98
19780.5	96
19786.3	95
19817.2	94
19886.4	93
19942.8	92
19953.8	91
19963.4	90
19967.1	89
20018.9	88
20134.4	86
20139.7	83
20156.5	82
20270.6	81
20356.8	80
20370.6	79
20452.4	78
20567.3	77
20577.2	75
20629	74
20646.7	73
20678.8	72
20690.7	71
20772	70
20836.1	69
20837.9	68
20902.1	67
20946.5	66
20955.7	65
21016.9	64
21021.3	63
21055	62
21073.5	61
21207.2	60
21243.8	59
21328.3	58
21380.1	57
21481	54
21653.7	53
21660	52
21676.6	51
21703	50
21737.1	49
21748.2	48
21866.6	47
21917.8	45
21951.9	43
21970.3	42
21986.2	41
22000.9	40
22012.7	39
22082.5	38
22201.3	37
22410.6	36
22449	35
22520.7	34
22585.7	33
22604.5	32
22715.3	31
22805.1	30
22890.8	29
22975.8	28
23086.3	27
23161.5	26
23378.7	25
23484.1	24
23593.2	23
23683.9	22
23992.9	21
24143.8	20
24185.4	19
24280.3	18
24295.5	17
24407.7	16
24485.4	15
24609.3	14
24632.8	13
24863.6	12
25515	11
25781.9	10
26642.4	9
27307.9	8
27421.8	7
27458.9	6
27473.5	5
28264.8	4
29146.7	3
29244.7	2
29813.3	1
30409.2	0
