Frontier size:	35
Weakly effici:	0
Total time:	9191.3
point	 time
0	42.0221
1	23.6344
2	47.9492
3	31.124
4	68.6683
5	263.724
6	118.062
7	153.347
8	257.141
9	204.199
10	193.288
11	137.967
12	124.136
13	104.952
14	156.064
15	391.152
16	234.308
17	97.534
18	80.313
19	58.3722
20	475.467
21	426.073
22	846.368
23	926.754
24	598.727
25	309.392
26	111.422
27	432.662
28	531.078
29	333.777
30	443.531
31	149.489
32	235.762
33	143.323
34	292.498
================== Frontier ==================
19428	443
19520.8	442
19833.4	441
19949.2	440
20316.4	439
20655.7	438
20862.6	437
21169.7	436
21380	435
21636.2	434
21741.9	433
22116.1	432
22344.2	431
22491.6	430
22840	429
23264.5	428
23417.2	427
23666.1	426
23878.8	425
24059.6	424
24445.3	423
24762.9	422
25004.8	421
25274.7	420
25585.6	419
25774.8	418
26014.2	417
26397.2	416
26625.2	415
26915.9	414
27248.6	413
27570.8	412
27790.1	411
28084.2	410
28396.7	409
