Frontier size:	37
Weakly effici:	0
Total time:	1052.67
point	 time
0	52.4218
1	18.6321
2	49.1398
3	35.3002
4	14.1886
5	34.4529
6	17.1377
7	12.5628
8	13.1341
9	15.8138
10	15.8672
11	27.0507
12	13.1458
13	27.7367
14	38.6133
15	21.0025
16	24.2505
17	19.7918
18	17.6658
19	13.4264
20	20.5514
21	18.2805
22	13.3713
23	5.71897
24	12.2162
25	11.3575
26	7.10763
27	4.99141
28	4.15963
29	12.7805
30	10.6169
31	3.73877
32	1.90339
33	1.61934
34	0.514032
35	0.952122
36	0.638024
================== Frontier ==================
18875.1	76
18972.1	74
19089	73
19203	71
19214.8	69
19396.5	64
19566.5	61
19572.5	57
19637.8	56
19824.8	55
19834.8	53
19988.2	52
20027.3	51
20123.8	50
20483.1	49
20791	48
20875.4	46
21040.7	45
21455.3	44
21664.6	43
22177	42
22279.3	41
22436.6	40
22537.9	39
23109.3	38
23477.4	37
23611.7	36
24150.2	35
24488.1	34
26334.6	33
26826.4	32
27923.8	31
28128.1	30
29250.2	29
29349.7	28
30884.4	27
32165.8	26
