Frontier size:	81
Weakly effici:	0
Total time:	5963.54
point	 time
0	50.0687
1	43.8052
2	46.933
3	37.4735
4	26.1376
5	27.2417
6	35.8442
7	29.663
8	29.4901
9	35.0563
10	28.1084
11	29.8597
12	26.727
13	15.3641
14	12.3493
15	17.8481
16	35.6047
17	32.8878
18	22.4237
19	33.3309
20	22.3439
21	18.2222
22	17.8786
23	20.7745
24	15.3159
25	19.3987
26	33.8616
27	34.5993
28	33.3314
29	33.7141
30	25.7376
31	83.6649
32	36.3179
33	45.0855
34	61.2485
35	47.3848
36	85.178
37	43.1363
38	74.2953
39	99.6409
40	51.7305
41	137.644
42	67.493
43	32.7544
44	41.2988
45	48.0996
46	50.6744
47	52.479
48	125.981
49	141.589
50	47.9862
51	49.6268
52	92.5109
53	112.591
54	153.44
55	147.984
56	119.981
57	199.321
58	218.004
59	88.0395
60	201.695
61	151.552
62	143.16
63	86.4541
64	57.1265
65	113.805
66	43.5305
67	74.8241
68	45.6986
69	39.1721
70	54.3303
71	37.7923
72	18.8283
73	18.3482
74	23.6231
75	18.4339
76	20.6388
77	13.5279
78	317.286
79	84.0645
80	75.5422
================== Frontier ==================
18875.1	139
18924.4	129
18962.9	127
18975.3	109
19008.7	107
19043.2	103
19085.2	99
19098.8	98
19104.8	95
19112.8	92
19168.9	88
19201.5	86
19250.9	85
19262.2	84
19267.2	83
19306.2	82
19366.2	81
19378.2	79
19405.9	78
19453.2	77
19589.5	76
19615.2	75
19638.7	73
19677.8	72
19692.2	71
19723.5	70
19831.1	69
19852.3	68
19859.5	67
19871.3	66
19889.9	65
20178.7	64
20230.2	63
20360.9	62
20437.4	61
20535.4	60
20651	59
20691.1	58
20768.1	57
20852.1	55
21027.6	54
21173.6	53
21252	51
21297.7	50
21340.2	49
21426.7	48
21625.8	47
21738.8	46
21956.3	45
22065.8	44
22135.7	43
22169.7	42
22391.5	41
22568.1	40
22719	39
22836.7	38
23003.8	37
23166.4	36
23239.4	35
23463.1	34
23797.7	33
23819.2	32
23979.8	31
24085	30
24359.8	29
24529.3	28
24623	27
24891.7	26
24993.3	25
25300.1	24
25602.2	23
25677.6	22
25718.3	21
25883	20
25983.1	19
26247.2	18
26744.5	17
26788.2	16
27731.7	15
27772.7	14
27976.1	13
