Frontier size:	36
Weakly effici:	0
Total time:	6398.49
point	 time
0	52.6317
1	65.0951
2	87.8565
3	131.282
4	99.1993
5	94.3919
6	104.64
7	33.3057
8	78.3888
9	28.3231
10	93.4168
11	62.192
12	453.028
13	254.013
14	221.352
15	175.404
16	211.388
17	91.7463
18	101.577
19	41.9045
20	42.9742
21	55.366
22	251.674
23	114.051
24	119.113
25	198.235
26	281.562
27	320.331
28	309.592
29	171.507
30	153.14
31	65.495
32	267.87
33	328.039
34	920.128
35	164.103
================== Frontier ==================
18875.1	434
19045.4	433
19255	432
19485.7	431
19634.8	430
19880.9	429
20091.6	428
20225.2	427
20581.9	426
20690	425
21036.8	424
21349.9	423
21747.6	422
22053	421
22296.4	420
22466.7	419
22674.5	418
22826.5	417
23007.4	416
23225.7	415
23409.5	414
23729.4	413
24101.3	412
24345.2	411
24649.7	410
24838.4	409
25137.9	408
25396.8	407
25545.9	406
25966	405
26147.7	404
26298.1	403
26726.4	402
27106.6	401
27550.8	400
27848.9	399
