Frontier size:	22
Weakly effici:	0
Total time:	679.191
point	 time
0	43.1838
1	42.509
2	56.842
3	44.8028
4	19.7396
5	33.2715
6	17.5958
7	12.5328
8	16.0682
9	23.0926
10	11.3644
11	9.50426
12	12.8936
13	11.5961
14	11.4745
15	10.2555
16	9.56132
17	6.15088
18	9.4161
19	10.9448
20	11.202
21	9.23444
================== Frontier ==================
20241.7	81
20262.2	79
20327.6	76
20334.8	74
20363.8	70
20436.7	66
20471.1	64
20471.8	59
20522.2	57
20664.2	56
20701.3	55
20863.7	54
20912.2	51
21087.3	49
21124.5	48
21285	47
21409.1	46
21441.2	45
21833.3	44
21911.9	43
22078.8	41
22285.6	40
