Frontier size:	98
Weakly effici:	0
Total time:	7832.61
point	 time
0	43.038
1	53.218
2	58.3629
3	103.343
4	84.7314
5	94.2214
6	68.3116
7	67.7377
8	104.962
9	66.3697
10	46.7035
11	67.4171
12	27.5063
13	31.5303
14	38.5436
15	41.0098
16	51.4122
17	50.8443
18	27.0262
19	32.9919
20	76.195
21	47.0945
22	126.812
23	142.238
24	89.1948
25	96.3336
26	101.331
27	66.3119
28	173.405
29	147.052
30	170.396
31	260.159
32	120.95
33	132.01
34	146.639
35	183.57
36	110.373
37	99.9695
38	69.7748
39	47.7255
40	74.8822
41	64.725
42	66.0895
43	114.881
44	61.9902
45	53.8954
46	35.6661
47	117.558
48	56.8551
49	151.168
50	82.0656
51	62.6849
52	94.8199
53	44.8423
54	168.444
55	86.5491
56	72.5173
57	34.536
58	107.497
59	96.8519
60	82.7193
61	78.9983
62	77.7796
63	28.6827
64	21.0403
65	26.0706
66	60.5307
67	41.2879
68	25.9531
69	16.0282
70	10.9939
71	45.3792
72	65.9507
73	72.0322
74	73.9353
75	45.1727
76	16.1894
77	98.1568
78	68.6249
79	110.439
80	61.9396
81	56.117
82	56.7069
83	28.0252
84	33.044
85	47.7175
86	32.9426
87	34.3142
88	20.0672
89	25.5317
90	14.6665
91	12.1749
92	11.7145
93	9.98948
94	8.64237
95	9.06329
96	7.83121
97	5.87197
================== Frontier ==================
20241.7	160
20262.2	125
20350.5	124
20365	119
20384.5	118
20389	115
20400.4	112
20429.4	109
20471.5	108
20484.8	105
20493.3	104
20514.2	97
20535.8	95
20627.7	94
20684	93
20748.9	92
20840.1	91
20856.2	89
20861.3	88
20878	87
20935.4	86
20948.8	85
21050.1	84
21117.2	83
21118.2	82
21194.8	81
21216.2	80
21231.3	78
21401.2	77
21414	76
21485.6	75
21518.5	73
21571.6	71
21605.2	70
21618.5	69
21656.7	66
21690.7	65
21736.4	63
21741	62
21761.5	61
21797.6	60
21855.8	59
21917.5	58
21952.2	57
21975.1	56
22041.6	55
22065	54
22125.1	53
22148.1	52
22234.6	51
22250.6	50
22254.8	49
22338.8	48
22396.3	47
22588.9	46
22629.2	45
22684.3	44
22715.8	43
22863.8	42
22871.8	41
22966.9	40
23071.2	39
23086.7	38
23097.9	37
23148.4	35
23212.8	34
23407.7	33
23420.5	32
23496.3	30
23567.6	29
23588.4	28
23891.8	27
24005.7	26
24259.6	25
24329.9	24
24428.6	23
24433.4	22
24958	21
24994	20
25249.3	19
25287.5	18
25383.2	17
25542.6	15
25753	14
26006.7	13
26274.4	12
26483.7	11
27058.1	10
27433.1	9
27847.2	8
28502.5	7
28806.6	6
29238.4	5
29587.2	4
29987.1	3
30546.4	2
31041.8	1
31201.5	0
