Frontier size:	42
Weakly effici:	0
Total time:	7803.94
point	 time
0	45.0969
1	43.7353
2	72.4937
3	78.866
4	587.014
5	176.223
6	47.2205
7	347.148
8	125.373
9	54.7081
10	55.4949
11	30.8244
12	114.092
13	270.756
14	75.614
15	59.3774
16	37.4145
17	60.6884
18	57.8701
19	95.9861
20	479.136
21	185.758
22	211.695
23	274.826
24	149.938
25	116.924
26	59.9276
27	105.348
28	50.5271
29	319.025
30	275.384
31	276.329
32	359.005
33	279.425
34	252.094
35	483.465
36	62.5963
37	137.831
38	236.446
39	220.196
40	337.036
41	299.003
================== Frontier ==================
20241.7	435
20400	434
20629.6	433
20815.1	432
21169.1	431
21273.8	430
21396.4	429
21663.2	428
21800.6	427
21965.6	426
22227.2	425
22345.7	424
22726.3	423
22968.8	422
23136.3	421
23254.7	420
23441.4	419
23723.9	418
24009.1	417
24242.6	416
24558.6	415
24777.7	414
25028.3	413
25230.7	412
25390.1	411
25640.4	410
25755.3	409
26031.2	408
26186.7	407
26535.5	406
26856.8	405
27214.6	404
27473.8	403
27777.1	402
28060.3	401
28351.8	400
28496.3	399
28898.5	398
29306.2	397
29723.4	396
30041.6	395
30510.4	394
