Frontier size:	34
Weakly effici:	0
Total time:	1286.03
point	 time
0	34.31
1	65.2588
2	53.2082
3	50.2253
4	24.7393
5	25.7313
6	31.3553
7	147.138
8	59.4128
9	52.0496
10	49.0528
11	29.9768
12	16.2528
13	5.34349
14	6.84187
15	20.9025
16	30.3653
17	34.0881
18	29.938
19	23.6753
20	24.674
21	18.7686
22	10.523
23	4.92013
24	8.96159
25	10.4329
26	4.19118
27	4.52952
28	5.03996
29	5.3576
30	4.43141
31	11.4809
32	13.7006
33	8.96761
================== Frontier ==================
19785.6	102
19802.8	94
19808.6	83
19830.8	80
19839.7	76
19844.8	75
19859.2	74
19966.7	67
19976	65
19992.8	63
20005.4	62
20015.8	61
20054.6	57
20084.5	56
20109.1	55
20286.4	54
20331.6	53
20344.9	51
20499.1	49
20733.8	48
20755.4	47
20851.4	46
21048.7	45
21081.2	44
21847.5	43
22006.5	42
22047.3	41
22347.3	40
22769	39
23739.7	38
23780.3	37
24632.8	36
24867.6	35
24976.6	34
