Frontier size:	32
Weakly effici:	0
Total time:	1304.23
point	 time
0	34.0228
1	57.313
2	29.7333
3	23.8121
4	5.87901
5	6.86485
6	7.77912
7	38.9333
8	35.0737
9	20.1189
10	16.025
11	26.118
12	39.8859
13	34.9929
14	54.9325
15	65.3801
16	35.7225
17	53.17
18	65.8903
19	42.6124
20	27.8507
21	22.4728
22	13.3527
23	12.8125
24	20.0179
25	21.9654
26	41.5823
27	33.4835
28	29.8408
29	14.9491
30	16.593
31	17.5548
================== Frontier ==================
19785.6	108
19802.8	95
19835.2	79
19861.4	76
19890.4	74
19913.9	72
19954.7	70
20089.9	67
20121.9	65
20144.4	61
20170.5	60
20225	59
20719.6	57
20808.5	56
20910.4	55
20929.8	54
20984	53
21060.4	52
21093.5	51
21143.8	49
21202	48
21242.9	47
21270.6	46
21291.6	45
21521.1	44
21808	43
21942.2	42
22499.4	41
22583.3	40
22762.6	39
23060	38
23804.7	37
