Frontier size:	38
Weakly effici:	0
Total time:	9079.17
point	 time
0	34.0743
1	139.629
2	189.348
3	293.963
4	181.899
5	94.5867
6	89.6263
7	61.6043
8	292.645
9	784.511
10	532.535
11	444.204
12	160.852
13	257.933
14	302.128
15	255.289
16	215.05
17	244.281
18	223.424
19	137.049
20	230.891
21	149.951
22	359.448
23	178.942
24	78.4774
25	197.547
26	168.254
27	217.317
28	334.191
29	241.551
30	396.347
31	106.856
32	407.123
33	242.47
34	131.983
35	201.447
36	235.865
37	83.5568
================== Frontier ==================
19785.6	448
20040.6	447
20272	446
20496.2	445
20745.1	444
20994.7	443
21192.4	442
21300	441
21547.6	440
21816.9	439
22107.5	438
22267.4	437
22471	436
22687	435
22920.7	434
23139.3	433
23370.4	432
23617.2	431
23847	430
23969.5	429
24187.9	428
24394.4	427
24713.8	426
24863.5	425
25101.7	424
25242.1	423
25378.2	422
25919.1	421
26267.7	420
26518.1	419
26862.9	418
26912.6	417
27261.4	416
27580.6	415
27885.3	414
28472.8	413
28876.5	412
29048.6	411
