Frontier size:	60
Weakly effici:	0
Total time:	110.868
point	 time
0	1.88677
1	1.15828
2	1.32912
3	1.69612
4	0.95875
5	0.908182
6	0.905117
7	0.721157
8	0.727095
9	0.84514
10	0.895989
11	0.675781
12	0.472815
13	0.628628
14	0.938889
15	1.06189
16	0.842344
17	1.15472
18	1.10796
19	1.1811
20	1.43598
21	1.18303
22	1.076
23	1.78277
24	1.34898
25	1.06242
26	1.85478
27	1.04383
28	1.0081
29	0.794532
30	0.797181
31	0.665303
32	0.498184
33	0.589823
34	0.730568
35	0.610831
36	0.890244
37	0.981358
38	0.549477
39	0.76679
40	1.07014
41	1.47555
42	1.13089
43	1.33745
44	1.71066
45	2.66135
46	1.32035
47	0.828042
48	1.30151
49	0.529581
50	0.998562
51	2.87633
52	1.65616
53	1.78715
54	1.13519
55	1.37439
56	1.43849
57	1.82952
58	1.58542
59	2.40633
================== Frontier ==================
29343.7	165
29349.3	150
29370.4	133
29377.4	117
29406.4	116
29417.2	115
29437.6	112
29438.8	111
29448.5	108
29472	107
29492.2	104
29547.9	102
29563.2	100
29663.8	98
29706.7	97
29710.4	95
29725.7	92
29726.8	90
29744	89
29751.4	88
29752.8	82
29808.2	80
29810.2	75
29855.9	74
29861.3	72
29862.6	66
30048.4	64
30064.6	63
30087.5	62
30108	58
30199.5	55
30243.1	52
30296.7	51
30323	49
30330.9	48
30362.4	45
30400.2	43
30412.5	41
30424.1	38
30451.5	37
30624.1	36
30657.4	35
30664.1	33
30720	30
30760.4	29
30842.4	27
30919.5	24
30992.4	23
31102.8	21
31157.3	19
31307.8	18
31583	17
31588.8	15
31629.4	14
31668.9	13
31779.6	10
31928.5	5
32100.2	4
32370	3
32412.6	0
