Frontier size:	39
Weakly effici:	0
Total time:	40.4256
point	 time
0	1.95286
1	1.55284
2	1.50528
3	1.10359
4	0.824042
5	0.870461
6	1.13291
7	1.1172
8	0.673581
9	0.858869
10	0.777979
11	0.716546
12	0.899454
13	0.709902
14	0.697455
15	0.81561
16	0.598449
17	0.705308
18	0.586003
19	0.760258
20	0.827842
21	0.961693
22	0.603727
23	0.632934
24	0.404573
25	0.480429
26	0.456819
27	0.489713
28	0.437635
29	0.406699
30	0.344826
31	0.380939
32	0.384612
33	0.970738
34	0.871202
35	0.430855
36	0.648332
37	0.533115
38	0.644545
================== Frontier ==================
29343.7	404
29391.6	403
29469.1	402
29554.3	401
29753.8	400
29822.6	399
29913.3	398
30168.3	397
30316.7	396
30468.2	395
30489.7	394
30554.9	393
30661.1	392
30747.4	391
30844.4	390
31216.3	389
31327.4	388
31482	387
31553.7	386
31684.8	385
31814.2	384
31905	383
32000	382
32092.2	381
32171.5	380
32272	379
32345.1	378
32384.2	377
32396.6	376
32624.5	375
32665.3	374
32758.8	373
32891.1	372
33353.3	371
33448.4	370
33466.8	369
33592.2	368
33759.4	367
34038.9	366
