Frontier size:	60
Weakly effici:	0
Total time:	82.0893
point	 time
0	1.53602
1	0.984455
2	0.470057
3	0.501321
4	0.376552
5	0.53419
6	0.553737
7	0.392928
8	0.38695
9	0.41933
10	0.415315
11	0.615538
12	0.556439
13	0.449123
14	0.497984
15	0.700104
16	0.629861
17	0.618533
18	0.381968
19	0.380118
20	0.424354
21	0.305115
22	0.317662
23	0.305682
24	0.338616
25	0.968696
26	0.724471
27	0.758621
28	0.640605
29	0.675054
30	1.03778
31	0.866946
32	0.875544
33	0.831117
34	1.15919
35	1.1151
36	1.10959
37	0.905996
38	0.564008
39	0.582302
40	0.45003
41	0.467995
42	0.361611
43	0.427998
44	0.429312
45	0.461125
46	0.394135
47	0.624469
48	0.676852
49	0.609
50	1.43381
51	1.09004
52	0.987387
53	1.45873
54	1.24062
55	1.98719
56	1.02163
57	0.962999
58	0.793242
59	0.814385
================== Frontier ==================
25992.3	205
25994	122
26016.7	119
26054.3	116
26059.1	115
26083.6	114
26091.1	113
26121.1	111
26138.9	108
26155.9	106
26224.3	105
26266.2	101
26290.5	100
26301.2	98
26318.6	95
26385	93
26392.4	92
26398.3	89
26418.1	88
26447.8	87
26448.8	81
26455	79
26476.8	76
26480.2	74
26489.8	72
26653.1	70
26659.2	68
26676.1	66
26683.3	63
26753.3	62
26801.8	60
26816.9	58
26838.3	53
26867.1	50
26921.1	48
26929.2	47
26945.1	46
26971.4	45
27058.6	41
27089.2	37
27093.8	36
27102	34
27133	33
27151.7	29
27160.5	28
27221.6	27
27312.9	24
27759.5	23
27832.9	21
27893.7	20
28016.4	18
28113.3	17
28173.9	16
28286.8	15
28294.2	14
28540.8	13
28621.5	12
28757.2	9
28778.4	7
28826.9	6
