Frontier size:	33
Weakly effici:	0
Total time:	33.5848
point	 time
0	1.56622
1	0.91376
2	0.798449
3	0.459198
4	0.634736
5	0.770375
6	0.509005
7	0.364251
8	0.400482
9	0.573676
10	0.625676
11	0.761975
12	0.736316
13	0.799616
14	0.712399
15	0.89586
16	0.773017
17	0.701394
18	1.16894
19	1.04761
20	0.810634
21	0.449117
22	0.403735
23	0.585154
24	0.5425
25	0.366521
26	0.580841
27	0.611223
28	1.16818
29	1.39166
30	0.713643
31	0.668411
32	1.16482
================== Frontier ==================
25992.3	422
26088.9	421
26164.9	420
26197.5	419
26297.8	418
26574.2	417
26669.3	416
26784.2	415
26853.3	414
26936.8	413
27054.8	412
27130.4	411
27306.3	410
27406.6	409
27493.4	408
27664.2	407
27686.6	406
27717	405
27831	404
28056.5	403
28172	402
28371.6	401
28377.2	400
28673	399
28757.2	398
28835.7	397
29047.1	396
29122.4	395
29437.7	394
29654.6	393
29668.2	392
29718.3	391
29871	390
