Frontier size:	51
Weakly effici:	0
Total time:	152.56
point	 time
0	2.91808
1	2.22511
2	2.71675
3	1.87527
4	1.55343
5	1.90683
6	4.55397
7	3.67973
8	2.19465
9	2.52285
10	3.75403
11	2.60757
12	3.10206
13	1.80774
14	2.48641
15	2.01619
16	2.44005
17	1.91377
18	1.79176
19	1.66391
20	1.86752
21	2.07486
22	1.55058
23	1.54903
24	1.69966
25	1.41868
26	1.22459
27	1.18007
28	1.16666
29	1.11345
30	1.22218
31	1.03239
32	1.95844
33	3.54877
34	3.66932
35	2.45221
36	3.15487
37	3.79655
38	2.9978
39	2.03773
40	2.47613
41	1.66314
42	1.98815
43	1.42812
44	2.57456
45	1.70136
46	3.32107
47	2.61014
48	2.15577
49	2.29096
50	4.78191
================== Frontier ==================
17895.5	147
17908.2	141
17917.4	123
17929.6	99
17989.5	98
18045.9	94
18226	93
18232	87
18253.9	85
18267.5	84
18285.4	80
18287.3	78
18338.7	75
18354.1	72
18373	71
18407.5	70
18432.6	68
18447.8	67
18461.3	66
18467.9	64
18526.6	63
18556.5	61
18571.7	59
18616.1	58
18670.6	56
18836.5	55
18841	53
18970.4	52
19010.8	51
19041.3	50
19052.7	49
19072.3	46
19388.7	44
19486.6	43
19514.2	42
19612.4	41
19721.6	40
19845.3	38
19923	37
19963.3	36
20042.4	35
20046.2	34
20118.5	33
20140.4	32
20319.6	30
20353.3	29
20814.4	28
20918.3	27
20931.8	26
20969.5	25
21159.9	24
