Frontier size:	29
Weakly effici:	0
Total time:	62.882
point	 time
0	2.95182
1	2.5532
2	2.32488
3	1.37545
4	1.08081
5	2.22772
6	1.42207
7	1.15156
8	0.652746
9	0.805142
10	0.688715
11	1.52274
12	2.12606
13	1.14584
14	2.2758
15	2.55735
16	2.22708
17	3.5376
18	2.7268
19	2.50996
20	4.22674
21	1.99842
22	2.11742
23	1.44697
24	2.05336
25	1.52999
26	1.82844
27	1.54908
28	1.83444
================== Frontier ==================
17895.5	401
18068.7	400
18210	399
18333.9	398
18387.8	397
18496.2	396
18610.3	395
18681.7	394
18783.8	393
18914.9	392
18967.3	391
19297	390
19486.3	389
19647.2	388
19890.9	387
19997.6	386
20047.5	385
20146.3	384
20224.3	383
20307.5	382
20383.6	381
20436	380
20613.7	379
20800	378
20944.3	377
21158.7	376
21292.9	375
21498.1	374
21612.3	373
