Frontier size:	24
Weakly effici:	0
Total time:	69.3448
point	 time
0	1.58133
1	1.26507
2	0.861108
3	0.788983
4	1.41873
5	4.53706
6	9.27371
7	5.08611
8	2.87134
9	1.38141
10	2.15504
11	3.32454
12	2.47012
13	1.58636
14	2.25502
15	1.79953
16	1.90157
17	1.14756
18	0.99383
19	1.22852
20	0.855733
21	1.1016
22	0.824422
23	0.702894
================== Frontier ==================
18926.9	88
18929.9	79
18942.8	69
19000.3	67
19022.8	64
19157.8	63
19234.8	61
19248.2	57
19253.5	53
19286.2	50
19492.1	48
19701	46
19957.1	45
20028.1	44
20132.4	43
20242.6	42
20253.9	41
20367.6	40
20381.7	39
20902.8	38
21319.7	37
21444.6	36
22168.9	35
22367.4	34
