Frontier size:	20
Weakly effici:	0
Total time:	62.1501
point	 time
0	1.53114
1	1.31972
2	1.16065
3	1.64634
4	5.67726
5	8.06176
6	6.37812
7	2.88524
8	1.32643
9	1.28737
10	1.73583
11	3.13186
12	2.86038
13	1.35407
14	1.93663
15	1.20698
16	1.42315
17	1.32141
18	0.7049
19	0.832658
================== Frontier ==================
18926.9	88
18929.9	79
18949.5	68
19049.8	66
19160.4	65
19244.1	62
19248.2	57
19253.9	55
19287.1	53
19312.4	51
19478.5	50
19557.3	49
19732	46
19931.2	44
20149.5	42
20213.7	41
20276.5	40
20424.7	39
20909.1	38
21598.9	37
