Frontier size:	34
Weakly effici:	0
Total time:	66.7677
point	 time
0	1.57937
1	1.23549
2	1.25216
3	1.08149
4	0.926584
5	1.3543
6	1.90286
7	2.19949
8	1.74161
9	1.76627
10	3.0274
11	1.47371
12	2.24011
13	1.42011
14	1.40908
15	1.69473
16	1.26068
17	2.10928
18	1.64594
19	1.02332
20	0.969983
21	1.69817
22	2.77353
23	2.24159
24	2.65526
25	1.12549
26	1.7265
27	1.0643
28	1.27671
29	2.93995
30	2.07269
31	2.04076
32	1.77251
33	1.5095
================== Frontier ==================
18926.9	396
19061.9	395
19264.5	394
19395.7	393
19456.3	392
19552.2	391
19782.5	390
19978.6	389
20036.4	388
20090.8	387
20307.2	386
20320.5	385
20429.4	384
20506.7	383
20600	382
20766.2	381
20798.3	380
20939.8	379
21096	378
21204.8	377
21362	376
21615.9	375
21809.6	374
21945.4	373
22086.5	372
22098.7	371
22239.4	370
22319	369
22384.7	368
22615.3	367
22744.1	366
22845.9	365
22935	364
23242.4	363
