Frontier size:	23
Weakly effici:	0
Total time:	42.8196
point	 time
0	2.23847
1	1.09404
2	1.21725
3	1.9587
4	1.63295
5	1.4463
6	1.52731
7	1.2553
8	1.62479
9	0.847191
10	1.21989
11	0.702307
12	1.65505
13	1.36783
14	0.87059
15	1.129
16	0.709087
17	0.496735
18	0.828319
19	0.526025
20	0.365478
21	0.213922
22	0.255939
================== Frontier ==================
17748.6	72
17758.4	63
17798.3	62
17838.4	57
17845.4	56
17893.9	51
17957.6	50
17994	49
18069	45
18256.9	43
18362.3	42
18373.1	40
18668.6	39
18689.2	38
18734.1	37
19020	36
20028.7	35
20526.3	34
21829.3	33
22022.2	32
23350.1	31
24738	30
25219.3	29
