Frontier size:	67
Weakly effici:	0
Total time:	161.852
point	 time
0	2.20216
1	1.50419
2	1.39488
3	1.16769
4	1.32686
5	1.71721
6	1.69437
7	1.43955
8	1.64168
9	1.78895
10	1.85252
11	2.65501
12	1.25693
13	1.63593
14	1.92146
15	1.55288
16	1.09671
17	2.16699
18	1.50556
19	1.1
20	1.26954
21	0.998526
22	1.79694
23	1.97833
24	1.26009
25	1.68079
26	1.37834
27	1.2864
28	3.15563
29	2.09499
30	1.99127
31	1.80438
32	1.39965
33	2.16226
34	1.96486
35	1.82838
36	1.44302
37	1.51733
38	2.0869
39	2.47772
40	1.93501
41	2.80647
42	3.81679
43	2.77959
44	2.95741
45	2.09593
46	1.8901
47	2.46089
48	2.07639
49	1.00601
50	3.13702
51	2.68349
52	1.4336
53	1.04153
54	1.59223
55	1.42245
56	0.824777
57	1.24786
58	0.92572
59	1.14878
60	1.05325
61	0.697944
62	0.957548
63	0.848358
64	0.548635
65	0.448137
66	0.430891
================== Frontier ==================
17748.6	97
17758.4	92
17777.2	89
17842.6	87
17869.5	85
17878.2	84
17881.6	83
17889.2	82
17910.8	80
17917.1	79
17924.7	78
17947.9	76
17950.3	72
17954.4	70
18051.4	69
18111.2	67
18116.3	64
18210.3	63
18236.8	62
18246.2	60
18289.4	59
18397.5	58
18491.5	57
18532.7	55
18542.5	54
18558.8	53
18569.8	52
18589.3	51
18698.1	50
18713.9	49
18722	48
18762.9	46
18810.5	42
19019.3	41
19070.5	40
19113.8	39
19120.6	38
19121.9	37
19260.6	36
19523.3	33
19881.9	32
20205.3	31
20432.7	30
20519.2	28
20829.5	27
21287	26
21412.2	25
21845.9	24
21914.8	22
21934.3	21
22371.3	20
23134.5	19
23173.1	18
23740.1	17
23993.6	16
24048.6	15
24719.9	14
25212	13
25671.2	12
25861.2	11
26701.8	10
26748.5	9
28354.3	8
28504.7	7
30023.5	6
30619.2	5
31562.4	4
