Frontier size:	35
Weakly effici:	0
Total time:	75.7787
point	 time
0	2.19259
1	2.0245
2	2.02632
3	2.49076
4	2.03614
5	2.11012
6	1.71769
7	2.22754
8	1.26259
9	1.92043
10	1.20302
11	1.95532
12	1.74337
13	0.880382
14	1.00309
15	0.647973
16	1.85325
17	2.21493
18	1.53363
19	4.59994
20	2.14856
21	3.19958
22	2.11539
23	1.42584
24	1.17968
25	3.80756
26	1.51963
27	1.73104
28	2.6718
29	2.30891
30	1.1927
31	1.89634
32	0.928916
33	0.981125
34	1.361
================== Frontier ==================
17748.6	400
17945.1	399
18004.9	398
18090.3	397
18152.6	396
18341.3	395
18423.6	394
18534.6	393
18633.5	392
18727.4	391
18785.6	390
18963.7	389
19038.3	388
19150.4	387
19323.7	386
19366.7	385
19566.3	384
19693.3	383
19784.2	382
20109.3	381
20185.7	380
20267.1	379
20339	378
20404.3	377
20533.1	376
20781.1	375
20900.7	374
21019.7	373
21175.4	372
21588.9	371
21611.8	370
21827.4	369
21885	368
22025	367
22116.6	366
