Frontier size:	24
Weakly effici:	0
Total time:	77.2183
point	 time
0	4.19277
1	6.19769
2	5.82009
3	6.41766
4	7.27337
5	5.12171
6	6.45086
7	2.06678
8	1.57308
9	1.25335
10	1.39606
11	0.844807
12	0.812871
13	0.855031
14	1.93212
15	1.18117
16	1.12225
17	1.00426
18	0.65506
19	0.643567
20	0.406173
21	0.679258
22	0.510922
23	0.395264
================== Frontier ==================
18348.8	71
18463.1	70
18480.8	66
18521	62
18529.8	61
18538.4	60
18561.6	57
18570.3	55
18598.2	53
18663.7	52
18711.8	51
19276.5	50
19295.4	49
19354.9	48
19617.4	47
19658.8	46
19872.7	45
20479.8	43
20799.7	41
21082.4	40
21476.9	39
22146.5	38
22670.4	37
23469.9	36
