Frontier size:	55
Weakly effici:	0
Total time:	233.591
point	 time
0	4.20822
1	2.88737
2	2.52769
3	3.05979
4	4.32251
5	3.85994
6	3.87584
7	3.79568
8	3.58907
9	3.63529
10	3.69759
11	3.06447
12	3.08834
13	3.19998
14	2.61889
15	5.40953
16	9.57997
17	6.79176
18	6.56492
19	8.1407
20	8.19493
21	5.71357
22	3.1645
23	5.36385
24	6.09195
25	5.84009
26	4.29048
27	5.77804
28	3.19097
29	3.08183
30	3.3549
31	3.03379
32	2.6097
33	2.55177
34	4.77266
35	2.55777
36	1.84812
37	2.3097
38	2.5111
39	2.12412
40	2.33596
41	2.28948
42	1.83946
43	3.29794
44	1.47715
45	1.68864
46	3.06311
47	2.43812
48	3.09807
49	2.11894
50	1.19825
51	1.82064
52	2.91884
53	2.41186
54	1.64445
================== Frontier ==================
18348.8	153
18352.3	150
18361.4	147
18406.6	145
18466.6	136
18488.4	134
18497.4	125
18530.6	122
18554.1	120
18557	119
18563	116
18600	114
18622	111
18625.9	108
18652.5	100
18806.4	99
18866.4	95
18903.3	94
18945.1	91
18971	90
19003.1	88
19075.4	81
19148.7	78
19215.4	77
19238.3	76
19294	74
19294.6	73
19332	69
19393.9	67
19434.6	65
19456	61
19465.9	56
19485.6	53
19529	51
19719	48
19808.7	46
19854.4	45
19901	44
19906.8	42
19931.9	41
19943.4	40
19946.1	37
20132	36
20151.9	35
20187.1	34
20223.2	30
20357	28
20386.2	27
20427.8	26
20480.7	24
20485	23
20650.4	22
20882.8	21
20995.9	20
21024.9	19
