Frontier size:	32
Weakly effici:	0
Total time:	120.715
point	 time
0	4.10542
1	3.19923
2	2.21055
3	2.8831
4	4.58816
5	2.38424
6	5.95755
7	3.42737
8	3.74987
9	6.25001
10	6.33418
11	3.37869
12	4.44261
13	3.0256
14	5.00291
15	5.44048
16	5.49111
17	3.17419
18	2.31378
19	3.76118
20	4.24249
21	5.01103
22	8.12103
23	2.96602
24	2.42799
25	2.16528
26	1.35761
27	1.44134
28	1.28341
29	0.861719
30	1.3016
31	0.875802
================== Frontier ==================
18348.8	412
18416.9	411
18461.9	410
18712.3	409
18917.5	408
18961.6	407
19303.7	406
19391.5	405
19479.7	404
19668.8	403
19769.1	402
19865	401
20013.1	400
20103.9	399
20251.2	398
20284.7	397
20474.5	396
20668.2	395
20754.3	394
20938.2	393
21139.2	392
21294.5	391
21457.5	390
21522.1	389
21644.3	388
21713.6	387
21942.4	386
21994.5	385
22578.1	384
22608.1	383
22759.6	382
22801.3	381
