instance ParPoints WeakPoints TotalTime

1_0	6	0	13.2742
1_1	8	0	16.2265
1_2	29	0	47.6098
2_0	6	0	23.4866
2_1	46	0	104.475
2_2	27	0	48.0888
3_0	5	0	10.2738
3_1	41	0	92.5432
3_2	40	0	57.0361
4_0	16	0	31.7321
4_1	60	0	110.868
4_2	39	0	40.4256
5_0	8	0	10.7601
5_1	60	0	82.0893
5_2	33	0	33.5848
6_0	7	0	16.1946
6_1	51	0	152.56
6_2	29	0	62.882
7_0	24	0	69.3448
7_1	20	0	62.1501
7_2	34	0	66.7677
8_0	23	0	42.8196
8_1	67	0	161.852
8_2	35	0	75.7787
9_0	24	0	77.2183
9_1	55	0	233.591
9_2	32	0	120.715
10_0	26	0	55.6291
10_1	60	0	140.421
10_2	47	0	99.1056
11_0	31	0	76.9898
11_1	34	0	82.6926
11_2	37	0	158.249
12_0	12	0	35.1734
12_1	7	0	20.3467
12_2	38	0	193.485
13_0	17	0	50.1634
13_1	45	0	197.631
13_2	33	0	174.168
14_0	31	0	97.5455
14_1	67	0	361.481
14_2	46	0	330.337
15_0	28	0	79.5874
15_1	38	0	172.35
15_2	36	0	208.761
16_0	9	0	47.3332
16_1	51	0	235.964
16_2	31	0	105.754
17_0	3	0	10.2565
17_1	2	0	6.91766
17_2	30	0	118.678
18_0	14	0	64.7831
18_1	89	0	523.682
18_2	31	0	157.078
19_0	17	0	90.9865
19_1	35	0	201.45
19_2	31	0	130.293
20_0	24	0	131.225
20_1	47	0	250.107
20_2	37	0	138.301
21_0	25	0	156.305
21_1	54	0	562.815
21_2	30	0	320.295
22_0	36	0	203.043
22_1	75	0	534.248
22_2	30	0	270.571
23_0	13	0	93.0424
23_1	65	0	550.881
23_2	39	0	435.444
24_0	20	0	137.672
24_1	76	0	783.203
24_2	35	0	355.462
25_0	3	0	22.0326
25_1	54	0	416.362
25_2	40	0	386.36
26_0	21	0	131.179
26_1	23	0	232.248
26_2	33	0	4424.84
27_0	23	0	192.758
27_1	23	0	187.697
27_2	32	0	2429.6
28_0	33	0	220.484
28_1	70	0	2083.2
28_2	34	0	2672.44
29_0	40	0	236.204
29_1	89	0	64327.3
29_2	35	0	2461.16
30_0	53	0	377.234
30_1	54	0	1071.21
30_2	32	0	5194.62
31_0	19	0	303.632
31_1	63	0	1022.35
31_2	34	0	320.099
32_0	20	0	323.666
32_1	91	0	1216.93
32_2	36	0	253.669
33_0	14	0	206.725
33_1	42	0	596.672
33_2	34	0	248.349
34_0	17	0	230.756
34_1	32	0	501.393
34_2	35	0	265.644
35_0	24	0	393.867
35_1	39	0	539.208
35_2	40	0	340.18
36_0	26	0	564.62
36_1	64	0	1211.28
36_2	32	0	398.069
37_0	13	0	250.398
37_1	49	0	883.071
37_2	29	0	313.167
38_0	19	0	375.254
38_1	65	0	1267.52
38_2	34	0	358.642
39_0	22	0	375.912
39_1	82	0	1511.99
39_2	37	0	579.694
40_0	26	0	621.526
40_1	44	0	945.405
40_2	35	0	478.51
41_0	38	0	817.171
41_1	39	0	873.349
41_2	29	0	965.214
42_0	23	0	354.402
42_1	97	1	1507.34
42_2	35	0	629.577
43_0	26	0	387.04
43_1	68	2	1085.65
43_2	36	0	379.731
44_0	10	0	166.366
44_1	92	1	1543.17
44_2	42	0	529.834
45_0	13	0	197.177
45_1	25	0	343.371
45_2	38	0	416.3
