Frontier size:	35
Weakly effici:	0
Total time:	26.7116
point	 time
0	0.112787
1	0.0752346
2	0.108907
3	0.104231
4	0.117907
5	0.070895
6	0.0785474
7	0.0592828
8	0.0750493
9	0.057778
10	0.0727281
11	0.0584215
12	0.0693634
13	0.0552539
14	0.131436
15	0.0517481
16	0.0659915
17	0.056551
18	0.0709562
19	0.0606861
20	0.137299
21	0.112601
22	0.101661
23	0.127796
24	0.0846476
25	0.0737736
26	0.0895868
27	0.0784685
28	0.0949649
29	0.0847471
30	0.100971
31	0.105499
32	0.0923863
33	0.109187
34	0.114004
================== Frontier ==================
6153	128
6185	123
6296	116
6853	107
6868	103
6875	100
6983	97
7128	89
7180	88
7360	81
7469	80
7471	72
7649	71
8080	66
8921	61
9213	58
9242	56
9808	55
9882	54
9921	52
10950	50
11647	49
11978	46
11997	45
12616	44
13371	43
13441	42
13690	41
14672	40
15821	39
16618	38
18348	37
18400	36
19264	35
21029	34
