Frontier size:	82
Weakly effici:	0
Total time:	82.9176
point	 time
0	0.118202
1	0.0924868
2	0.0804971
3	0.0765991
4	0.186946
5	0.15728
6	0.185731
7	0.137357
8	0.149029
9	0.167747
10	0.14462
11	0.142686
12	0.123682
13	0.305209
14	0.213987
15	0.407132
16	0.420313
17	0.633635
18	0.566232
19	0.28972
20	0.289448
21	0.460419
22	0.246044
23	0.355439
24	0.419866
25	0.277381
26	0.228601
27	0.189964
28	0.128836
29	0.159989
30	0.83525
31	0.588538
32	0.466652
33	0.275816
34	0.344637
35	0.393255
36	0.328171
37	0.299597
38	0.273715
39	0.243146
40	0.256072
41	0.282911
42	0.512683
43	0.52307
44	0.397202
45	0.998917
46	0.931013
47	0.756338
48	0.673581
49	0.491988
50	0.395545
51	0.30705
52	0.571973
53	0.546815
54	0.479595
55	0.480355
56	0.403309
57	0.471707
58	0.360664
59	0.608263
60	0.531581
61	0.357028
62	0.340687
63	0.354873
64	0.274253
65	0.304211
66	0.332413
67	0.242568
68	0.300033
69	0.274578
70	0.31473
71	0.30445
72	0.268189
73	0.333997
74	0.298442
75	0.287636
76	0.242488
77	0.336973
78	0.309812
79	0.315872
80	0.254371
81	0.261961
================== Frontier ==================
6153	187
6172	169
6192	138
6224	132
6625	129
6646	124
6650	123
6674	118
6689	116
6701	114
6712	112
6775	111
6779	108
7240	107
7245	104
7351	103
7449	102
7544	101
7558	98
7561	97
7576	95
7748	94
7785	93
7799	92
7823	91
7825	90
7896	88
7912	83
7932	82
7953	81
8451	79
8477	77
8478	75
8528	74
8608	73
8621	71
8828	70
8877	69
8913	68
8959	65
8960	64
9148	62
9563	59
9612	58
9662	57
9883	56
10331	54
10338	53
10343	52
10399	51
10408	50
10602	49
10834	46
11270	43
11369	42
11421	40
11892	39
12003	37
12205	36
12267	35
12277	33
12279	32
12280	31
12703	29
12806	28
13551	27
13965	26
14078	25
14127	24
14367	22
15365	21
15750	20
15861	19
16405	18
16607	17
16743	15
17043	14
17420	13
17527	12
17615	11
17874	10
18066	9
