Frontier size:	47
Weakly effici:	0
Total time:	31.381
point	 time
0	0.116151
1	0.108425
2	0.185106
3	0.200527
4	0.196159
5	0.0970178
6	0.160461
7	0.165555
8	0.101025
9	0.334719
10	0.268589
11	0.178725
12	0.170041
13	0.208784
14	0.442113
15	0.571876
16	0.368306
17	0.296036
18	0.447957
19	0.513819
20	0.477268
21	0.478825
22	0.620249
23	0.365654
24	0.806228
25	0.849441
26	0.490166
27	0.534415
28	0.413514
29	0.587342
30	0.550035
31	0.348546
32	0.481592
33	0.321064
34	0.44579
35	0.230705
36	0.274863
37	0.28574
38	0.688596
39	0.684979
40	0.284429
41	0.414122
42	0.251902
43	0.190928
44	0.253876
45	0.216429
46	0.27119
================== Frontier ==================
6153	393
6301	392
6466	391
6583	390
6767	389
6850	388
6951	387
7103	386
7110	385
7319	384
7356	383
7392	382
7488	381
7689	380
7926	379
8204	378
8223	377
8277	376
8433	375
8526	374
8639	373
8728	372
8853	371
8979	370
9217	369
9474	368
9479	367
9548	366
9720	365
9951	364
10148	363
10288	362
10404	361
10970	360
11178	359
11206	358
11372	357
11394	356
11867	355
11986	354
12026	353
12091	352
12307	351
12584	350
13107	349
13265	348
13967	347
