Frontier size:	26
Weakly effici:	0
Total time:	17.4912
point	 time
0	0.122401
1	0.0755159
2	0.097006
3	0.0661847
4	0.0649683
5	0.0556358
6	0.146819
7	0.0542624
8	0.0580321
9	0.167508
10	0.0606018
11	0.0853472
12	0.0670465
13	0.0676306
14	0.0758056
15	0.112291
16	0.0744216
17	0.0720513
18	0.0892363
19	0.0718424
20	0.0727018
21	0.097249
22	0.0848535
23	0.0739837
24	0.0871027
25	0.123552
================== Frontier ==================
5792	146
5842	104
5932	99
6016	84
6429	81
6692	78
6898	76
7252	75
7279	74
7580	73
7613	69
8119	68
8285	66
8571	65
8578	64
8814	59
9162	58
9202	56
9588	55
9833	53
10777	49
11154	48
11471	47
11670	46
11814	45
12269	43
