Frontier size:	25
Weakly effici:	2
Total time:	17.7518
point	 time
0	0.121994
1	0.0741575
2	0.0869436
3	0.0711505
4	0.0595318
5	0.0692494
6	0.0758292
7	0.114633
8	0.0610924
9	0.0746916
10	0.0711429
11	0.0604519
12	0.074515
13	0.0622874
14	0.0790887
15	0.062402
16	0.0763499
17	0.0713231
18	0.0860182
19	0.0705858
20	0.0887624
21	0.0693875
22	0.0852541
23	0.123154
24	0.0839278
25	0.072903
26	0.0872129
================== Frontier ==================
5792	143
5842	104
5932	102
6016	87
6154	86
6154	81
6429	80
6692	77
6898	75
7252	74
7252	73
7527	72
7927	70
8086	66
8408	64
8578	61
8814	60
9202	57
9611	56
9867	53
9961	51
10777	50
11154	46
11511	44
12059	43
12585	42
13578	41
