Frontier size:	36
Weakly effici:	0
Total time:	33.8487
point	 time
0	0.123163
1	0.101224
2	0.178861
3	0.0919526
4	0.119858
5	0.578806
6	0.322362
7	0.34548
8	0.490381
9	0.371695
10	0.396418
11	0.920988
12	0.515121
13	0.823689
14	0.501504
15	1.0756
16	0.949762
17	1.22529
18	1.0198
19	0.706769
20	0.861166
21	0.977736
22	0.418282
23	0.529968
24	0.957937
25	1.45722
26	0.861546
27	1.16657
28	1.74622
29	0.883805
30	0.556959
31	0.225705
32	0.222479
33	0.420502
34	0.373227
35	0.253879
================== Frontier ==================
5792	393
5834	392
6007	390
6030	389
6269	388
6648	387
6736	386
6867	385
7042	384
7146	383
7309	382
7458	381
7569	380
7734	379
7968	378
8195	377
8328	376
8504	375
8625	374
8701	373
8750	372
8949	371
8970	370
9196	369
9504	368
9771	367
9894	366
10413	365
10935	364
10955	363
11056	362
11088	361
11458	360
11985	359
12060	358
12155	357
