Frontier size:	39
Weakly effici:	0
Total time:	22.726
point	 time
0	0.139045
1	0.0958312
2	0.0953634
3	0.0903371
4	0.0869295
5	0.0908501
6	0.147561
7	0.167775
8	0.192875
9	0.15212
10	0.111376
11	0.369745
12	0.180896
13	0.10307
14	0.099148
15	0.424231
16	0.320821
17	0.198673
18	0.294029
19	0.732212
20	0.395996
21	0.362572
22	0.312317
23	0.520131
24	0.382074
25	0.746452
26	0.514743
27	0.437223
28	0.398093
29	0.408199
30	0.421761
31	0.242674
32	0.431361
33	0.29153
34	0.27646
35	0.341382
36	0.270296
37	0.248071
38	0.243621
================== Frontier ==================
6149	420
6219	419
6294	418
6371	417
6453	416
6599	415
6736	414
6881	413
7130	412
7179	411
7308	410
7481	409
7526	408
7620	407
7654	406
7946	405
8033	404
8058	403
8162	402
8534	401
8683	400
8803	399
8885	398
9402	397
9471	396
9836	395
10031	394
10217	393
10323	392
10421	391
10822	390
10864	389
11151	388
11332	387
11502	386
11718	385
11751	384
12996	383
13100	382
