Frontier size:	20
Weakly effici:	0
Total time:	12.7329
point	 time
0	0.105165
1	0.0756067
2	0.090663
3	0.0629558
4	0.0610316
5	0.079145
6	0.0605414
7	0.0776009
8	0.0544848
9	0.0557842
10	0.075612
11	0.0574712
12	0.0664487
13	0.0564131
14	0.0734922
15	0.0623747
16	0.0812168
17	0.0589384
18	0.0588787
19	0.0734953
================== Frontier ==================
5734	131
5787	104
5824	102
5962	100
6303	94
6426	91
6642	90
6799	82
7067	76
7187	74
7446	72
7472	69
7688	68
7796	67
8103	63
8452	59
9626	55
9835	53
10695	51
11299	50
