Frontier size:	51
Weakly effici:	0
Total time:	42.4849
point	 time
0	0.111267
1	0.0834716
2	0.0716595
3	0.168419
4	0.216507
5	0.154963
6	0.0944597
7	0.0783286
8	0.250191
9	0.227915
10	0.141407
11	0.180728
12	0.231032
13	0.127064
14	0.085601
15	0.0876946
16	0.0829778
17	0.239186
18	0.219416
19	0.27767
20	0.281321
21	0.374183
22	0.327248
23	0.278185
24	0.314028
25	0.229774
26	0.278763
27	0.419993
28	0.2429
29	0.59079
30	0.363529
31	0.336283
32	0.286125
33	0.302812
34	0.288565
35	0.341371
36	0.233014
37	0.236558
38	0.34075
39	0.24527
40	0.328238
41	0.367724
42	0.313223
43	0.391023
44	0.226476
45	0.242722
46	0.14245
47	0.186735
48	0.178028
49	0.164174
50	0.219449
================== Frontier ==================
5734	166
5753	120
5766	118
6193	117
6243	115
6252	113
6548	107
6563	105
6750	104
6790	102
6888	99
6890	97
6914	93
7007	90
7029	87
7034	86
7068	81
7242	80
7353	78
7391	77
7546	76
7673	75
7705	74
7844	73
7851	72
7889	71
7926	70
8104	68
8123	67
8437	66
8491	65
8545	63
8679	62
9011	61
9013	60
9096	59
9097	57
9301	56
9600	55
9749	54
10032	50
10109	49
10145	48
10452	46
10466	45
10646	44
10699	43
10840	42
11649	39
11717	38
12061	37
