Frontier size:	31
Weakly effici:	0
Total time:	21.6085
point	 time
0	0.10499
1	0.0914464
2	0.102438
3	0.0941113
4	0.110089
5	0.172243
6	0.261346
7	0.203927
8	0.19393
9	0.269118
10	0.212021
11	0.272318
12	0.20663
13	0.257125
14	0.52614
15	0.418235
16	0.527862
17	1.08026
18	0.762357
19	0.736284
20	0.954848
21	0.743473
22	0.410392
23	0.211073
24	0.344792
25	0.303082
26	0.122726
27	0.346558
28	0.861297
29	1.66771
30	0.837231
================== Frontier ==================
5734	454
5895	452
6118	451
6216	450
6343	448
6544	447
6736	446
6900	445
7067	444
7273	443
7389	442
7512	441
7552	440
7701	439
7950	438
8047	437
8218	436
8521	435
8647	434
8799	433
8996	432
9254	431
9371	430
9428	429
9644	428
9728	427
9827	426
10453	425
10818	424
11303	423
11478	422
