Frontier size:	28
Weakly effici:	0
Total time:	20.8281
point	 time
0	0.143212
1	0.0664072
2	0.0639735
3	0.0890557
4	0.0546381
5	0.0573032
6	0.0711634
7	0.0558556
8	0.0909329
9	0.0737202
10	0.0666357
11	0.0558094
12	0.0685269
13	0.0988037
14	0.0971439
15	0.104443
16	0.112248
17	0.11184
18	0.107962
19	0.0797628
20	0.0680698
21	0.0710165
22	0.0618587
23	0.0820282
24	0.0783437
25	0.0918125
26	0.0922079
27	0.0876767
================== Frontier ==================
6016	120
6050	103
6130	100
6255	83
6576	80
7040	77
7158	75
7275	74
7522	71
7558	69
7745	67
7923	64
8210	63
8636	60
8932	58
9130	57
9442	56
9774	55
10039	53
10126	52
11163	47
12690	45
12897	42
14032	41
15364	40
16291	39
17583	38
17827	36
