Frontier size:	66
Weakly effici:	1
Total time:	61.3573
point	 time
0	0.128251
1	0.0896664
2	0.0956109
3	0.164146
4	0.15194
5	0.0997579
6	0.0904505
7	0.0828745
8	0.0851609
9	0.0890555
10	0.0965683
11	0.0855194
12	0.0866863
13	0.225589
14	0.168409
15	0.141891
16	0.122114
17	0.315694
18	0.310161
19	0.231683
20	0.2084
21	0.160114
22	0.201208
23	0.298985
24	0.340964
25	0.230873
26	0.234719
27	0.351904
28	0.279392
29	0.324107
30	0.599176
31	0.709544
32	0.498122
33	0.451578
34	0.440624
35	0.377085
36	0.417572
37	0.414616
38	0.364806
39	0.278049
40	0.445338
41	0.375198
42	0.371905
43	0.552619
44	0.372416
45	0.295225
46	0.265513
47	0.202405
48	0.246743
49	0.25226
50	0.233739
51	0.226349
52	0.193516
53	0.193407
54	0.16184
55	0.207605
56	0.318773
57	0.537477
58	0.357136
59	0.483298
60	0.540752
61	0.395142
62	0.355262
63	0.548375
64	0.375529
65	0.363261
66	0.379604
================== Frontier ==================
6016	191
6050	176
6176	166
6255	163
6260	153
6273	136
6307	127
6331	125
6410	121
6421	117
6427	112
6440	110
6476	109
6874	107
6903	102
6920	101
6920	97
7159	96
7175	95
7177	92
7194	88
7195	86
7574	77
7721	76
7761	75
7809	74
7824	72
7932	71
7937	70
7943	69
8406	68
8451	67
8461	66
8465	62
8478	61
8552	59
8642	58
8691	56
8748	53
8818	51
9380	48
9433	47
9465	46
9631	45
9646	44
9670	43
9779	42
9798	41
10808	40
10815	39
10817	37
10861	36
10897	34
10900	33
11324	32
11561	31
11725	29
12365	28
12387	27
12518	26
12749	25
12816	24
12886	23
13391	22
13410	21
13458	19
13463	18
