Frontier size:	46
Weakly effici:	0
Total time:	45.583
point	 time
0	0.120754
1	0.203183
2	0.233014
3	0.292779
4	0.237538
5	0.376168
6	0.363364
7	0.692512
8	0.533993
9	0.578094
10	0.382948
11	0.421632
12	0.492694
13	0.384924
14	0.265469
15	0.246693
16	0.352497
17	0.538854
18	0.349274
19	0.369247
20	0.449943
21	0.472029
22	0.282768
23	0.741039
24	1.24124
25	0.90666
26	1.22041
27	2.16458
28	0.941825
29	0.962046
30	0.51911
31	1.12831
32	0.953094
33	1.74294
34	2.2474
35	2.14567
36	0.897822
37	0.794363
38	1.20239
39	0.496927
40	0.264779
41	0.209246
42	0.384524
43	0.251881
44	0.19143
45	0.168601
================== Frontier ==================
6016	445
6297	444
6453	443
6607	442
6764	441
7011	440
7245	439
7603	438
7651	437
7739	436
7746	435
7897	434
8119	433
8146	432
8249	431
8323	430
8452	429
8560	428
8669	427
8745	426
9003	425
9057	424
9074	423
9378	422
9604	421
9679	420
9953	419
10362	418
10443	417
10630	416
10714	415
11027	414
11342	413
11760	412
12142	411
12236	410
12425	409
12476	408
12856	407
13213	406
13373	405
13961	404
14217	403
14396	402
14486	401
14730	400
