Frontier size:	29
Weakly effici:	0
Total time:	21.2825
point	 time
0	0.161589
1	0.0636535
2	0.0938472
3	0.0941403
4	0.0634022
5	0.180403
6	0.0610756
7	0.0596881
8	0.132149
9	0.0586695
10	0.0635143
11	0.0963941
12	0.0563493
13	0.068525
14	0.0540461
15	0.0655568
16	0.0516125
17	0.0644693
18	0.124772
19	0.070555
20	0.0651274
21	0.0795951
22	0.0704852
23	0.151545
24	0.0745529
25	0.0876297
26	0.0784721
27	0.0921635
28	0.0977287
================== Frontier ==================
6015	114
6098	112
6134	107
6158	102
6176	96
6291	89
6763	82
6914	79
7187	78
7351	75
7566	73
7640	65
7709	63
8445	60
8800	55
9014	53
9467	50
9796	49
10046	48
10621	47
11228	46
11762	45
11763	44
12079	42
12861	41
13386	40
13392	39
13895	37
14212	36
