Frontier size:	51
Weakly effici:	0
Total time:	44.3806
point	 time
0	0.157702
1	0.132115
2	0.128649
3	0.112692
4	0.296025
5	0.0773882
6	0.116194
7	0.0823886
8	0.0683173
9	0.134712
10	0.123617
11	0.181356
12	0.272728
13	0.157297
14	0.215569
15	0.260303
16	0.633144
17	0.430303
18	0.40219
19	0.270104
20	0.316377
21	0.228447
22	0.199816
23	0.193003
24	0.208374
25	0.333708
26	0.476652
27	0.321259
28	0.644089
29	0.260515
30	0.254586
31	0.251513
32	0.327478
33	0.260827
34	0.307637
35	0.212188
36	0.209594
37	0.247802
38	0.17109
39	0.178745
40	0.211964
41	0.303692
42	0.403558
43	0.338491
44	0.342161
45	0.271176
46	0.264476
47	0.298987
48	0.325025
49	0.248366
50	0.394973
================== Frontier ==================
6015	128
6030	116
6171	115
6173	113
6309	105
6326	104
6358	103
6366	102
6401	100
6483	98
6494	97
6726	96
6862	94
6889	92
6976	90
7231	88
7401	87
7403	86
7597	81
7731	80
7732	79
7862	78
7997	77
8061	76
8072	75
8449	74
8684	73
8687	72
8983	71
8991	70
9045	67
9133	66
9491	65
9516	62
9793	60
10176	57
10215	56
10479	52
10551	51
11089	50
11328	49
11440	48
11707	47
11736	46
11775	45
11776	44
11862	43
12159	42
12399	40
12493	39
12984	37
