Frontier size:	35
Weakly effici:	0
Total time:	21.133
point	 time
0	0.156467
1	0.111394
2	0.101611
3	0.19387
4	0.246585
5	0.23674
6	0.108911
7	0.31447
8	0.254183
9	0.169606
10	0.119846
11	0.102834
12	0.161784
13	0.13166
14	0.115509
15	0.339111
16	0.216348
17	0.114641
18	0.212579
19	0.364938
20	0.277888
21	0.280814
22	0.714071
23	0.285337
24	0.276295
25	0.794526
26	0.884874
27	0.341168
28	0.399251
29	0.472575
30	0.439524
31	0.610465
32	0.690712
33	0.689959
34	0.332436
================== Frontier ==================
6015	403
6260	402
6390	401
6621	400
6750	399
6840	397
6925	396
7127	395
7204	394
7284	393
7407	392
7523	391
7654	390
7712	389
7784	388
7983	387
8117	386
8254	385
8416	384
8634	383
8709	382
9034	381
9328	380
9340	379
9689	378
10018	377
10327	376
10453	375
10696	374
11042	373
11431	372
12594	371
12737	370
13002	369
13157	368
