Frontier size:	20
Weakly effici:	0
Total time:	51.8863
point	 time
0	0.244059
1	0.137502
2	0.150958
3	0.15619
4	0.109921
5	0.116649
6	0.157686
7	0.113714
8	0.11121
9	0.136609
10	0.223203
11	0.207807
12	0.261234
13	0.218541
14	0.126879
15	0.148727
16	0.190802
17	0.23745
18	0.233095
19	0.160473
================== Frontier ==================
9861	103
9965	101
9978	89
9997	83
10072	81
10489	80
10570	75
10635	72
10663	71
10811	68
11041	66
11073	64
11157	63
11197	59
11528	58
11567	57
12726	56
12964	55
13177	54
13276	53
