Frontier size:	70
Weakly effici:	1
Total time:	259.211
point	 time
0	0.246195
1	0.195499
2	0.157168
3	0.242178
4	0.233623
5	0.258657
6	0.167454
7	0.177699
8	0.189451
9	0.199405
10	0.320362
11	0.243088
12	0.638189
13	0.516847
14	0.565141
15	0.502567
16	0.586171
17	0.406915
18	0.482543
19	0.477749
20	0.514717
21	0.60671
22	0.525484
23	0.566819
24	0.550939
25	0.558453
26	0.603709
27	0.753781
28	0.764962
29	0.737793
30	0.54532
31	0.308866
32	0.705241
33	0.765455
34	0.751866
35	0.5695
36	0.713381
37	1.74308
38	3.04509
39	2.13061
40	1.95822
41	1.91015
42	1.51631
43	1.81059
44	1.85698
45	2.59235
46	1.23037
47	2.31082
48	3.47087
49	2.35073
50	3.3568
51	2.36687
52	1.72183
53	2.94336
54	2.34185
55	2.96075
56	1.62546
57	1.44478
58	2.59368
59	2.35951
60	1.84495
61	1.64846
62	1.29018
63	1.18694
64	0.780703
65	0.963513
66	1.10096
67	1.26865
68	0.628422
69	1.85064
70	1.46977
================== Frontier ==================
9861	131
9887	124
9915	121
9960	117
10014	113
10042	109
10042	108
10085	107
10106	105
10109	104
10158	103
10256	102
10571	96
10574	95
10593	92
10634	91
10648	90
10668	89
10704	88
10710	87
10744	86
10774	84
10831	83
10849	82
10964	81
10975	80
11008	79
11094	78
11115	77
11149	76
11173	75
11208	74
11523	73
11597	72
11604	71
11676	70
11787	69
12185	68
12576	67
12608	66
12621	65
12728	64
12730	62
13269	61
13278	59
13512	58
13550	56
13914	55
14530	54
14617	53
14802	52
14804	49
14903	48
15367	47
15616	46
15859	45
16086	44
16278	43
16869	42
17109	41
17256	40
17391	39
17993	38
18172	37
18469	36
18484	35
19460	34
20179	33
20431	32
21401	31
21783	30
