Frontier size:	31
Weakly effici:	0
Total time:	79.9995
point	 time
0	0.251559
1	0.378377
2	0.213261
3	0.650231
4	0.308859
5	0.251445
6	0.293602
7	0.550415
8	0.624282
9	0.531284
10	0.218156
11	0.268464
12	0.433515
13	0.906447
14	1.12312
15	4.45925
16	1.49379
17	3.42441
18	1.25351
19	2.58664
20	1.08449
21	2.4969
22	3.45067
23	1.82824
24	3.19569
25	4.17987
26	2.06508
27	1.61626
28	2.22733
29	3.3122
30	4.91298
================== Frontier ==================
9861	412
10248	411
10455	410
10805	409
10987	408
11179	407
11406	406
11725	405
12006	404
12193	403
12318	402
12578	401
12825	400
13309	399
13392	398
13809	397
14077	396
14279	395
14419	394
14639	393
14787	392
15509	391
16011	390
16160	389
16556	388
16960	387
17537	386
18508	385
19451	384
19882	383
20457	382
