Frontier size:	30
Weakly effici:	0
Total time:	65.6305
point	 time
0	0.253429
1	0.181507
2	0.223203
3	0.175523
4	0.182252
5	0.2052
6	0.223237
7	0.386288
8	0.559245
9	0.491665
10	0.697621
11	0.565828
12	0.738439
13	1.39699
14	0.891677
15	1.20769
16	1.23116
17	1.17721
18	1.00664
19	0.794217
20	0.911642
21	1.70127
22	3.0019
23	2.6205
24	1.84261
25	2.55999
26	3.29824
27	3.43935
28	3.43206
29	1.46869
================== Frontier ==================
9512	462
9671	461
9971	460
10191	459
10382	458
10582	457
10917	456
11312	455
11755	454
11925	453
12251	452
12406	451
12780	450
13117	449
13550	448
13758	447
13972	446
14143	445
14346	444
14501	443
14606	442
14765	441
15222	440
15531	439
15919	438
16593	437
17609	436
18578	435
19304	434
19908	433
