Frontier size:	27
Weakly effici:	0
Total time:	75.6546
point	 time
0	0.248275
1	0.12227
2	0.164193
3	0.113083
4	0.144349
5	0.104563
6	0.123633
7	0.105607
8	0.145126
9	0.11612
10	0.115017
11	0.140721
12	0.13081
13	0.140395
14	0.137109
15	0.224404
16	0.14246
17	0.169188
18	0.150095
19	0.180644
20	0.15636
21	0.186134
22	0.161456
23	0.208729
24	0.178684
25	0.175521
26	0.208986
================== Frontier ==================
9911	108
10097	96
10347	94
10351	91
10442	85
10770	70
11055	69
11199	68
11300	66
11555	64
11565	63
11605	62
11773	60
12434	59
12759	58
12976	56
13459	54
13827	53
15756	52
15824	50
16248	48
16434	47
16808	46
17320	45
18807	44
19267	43
19302	42
