Frontier size:	116
Weakly effici:	1
Total time:	482.929
point	 time
0	0.243823
1	0.163438
2	0.164189
3	0.163019
4	0.168269
5	0.165528
6	0.158939
7	0.461389
8	0.638625
9	0.564536
10	0.517949
11	0.395232
12	0.386517
13	0.398088
14	0.434406
15	0.597153
16	0.521597
17	0.591058
18	0.393184
19	0.508935
20	0.407708
21	0.40958
22	0.67836
23	0.552668
24	0.545201
25	0.561701
26	0.999768
27	0.600099
28	0.701988
29	0.319005
30	0.741541
31	0.692843
32	0.620566
33	0.626835
34	0.73102
35	0.689874
36	0.781773
37	0.671288
38	0.632484
39	1.72421
40	2.65019
41	1.58854
42	1.43846
43	1.71418
44	1.41541
45	1.83313
46	2.03463
47	2.15672
48	1.92484
49	1.9343
50	2.23558
51	2.81055
52	3.87078
53	2.84031
54	3.2861
55	2.78082
56	3.41802
57	4.44545
58	3.55504
59	2.68145
60	2.1793
61	2.46187
62	2.92708
63	1.90546
64	1.20185
65	3.0632
66	3.20054
67	4.2097
68	3.49202
69	4.126
70	2.87132
71	2.3597
72	2.64641
73	4.16672
74	2.66022
75	2.60799
76	2.114
77	2.64064
78	3.70934
79	2.66839
80	2.39712
81	2.46453
82	1.79082
83	1.45023
84	2.22631
85	3.56866
86	2.89535
87	2.59018
88	1.98366
89	1.77036
90	1.55233
91	1.38943
92	1.53613
93	1.44988
94	1.29359
95	0.965739
96	1.20532
97	1.93487
98	1.47679
99	1.43216
100	1.40947
101	1.23457
102	1.44204
103	1.18252
104	1.02872
105	1.24393
106	1.5834
107	2.6
108	1.57896
109	2.00464
110	1.44825
111	1.68056
112	1.63863
113	0.936355
114	0.963361
115	1.1745
116	1.18855
================== Frontier ==================
9911	204
9917	203
9919	154
9980	152
10084	150
10091	144
10219	140
10310	138
10322	136
10412	132
10448	131
10493	129
10501	128
10512	127
10516	126
10585	125
10591	123
10628	119
10640	117
10713	116
10720	115
10751	114
10871	113
10933	112
10955	111
10998	110
11161	109
11197	104
11219	101
11219	100
11436	99
11484	97
11498	96
11536	95
11651	94
11657	93
11704	92
11911	91
11944	89
12185	88
12416	87
12469	85
12522	84
12569	83
12682	82
12782	81
12843	80
12964	79
12966	77
13008	76
13081	75
13132	73
13286	72
13415	71
13525	70
13681	69
13744	67
13964	65
13991	64
14024	62
14064	61
14134	60
14266	59
14283	58
14305	57
14805	56
15165	55
15383	54
15438	53
15535	51
15566	50
15651	49
15661	48
16124	47
16129	46
16229	45
16233	44
16459	43
16588	41
16666	40
16717	37
16860	36
16869	35
16891	34
17489	33
18456	32
18503	31
18513	30
18553	29
18566	27
18646	26
18844	25
19180	24
19250	23
19270	22
19276	21
19357	20
20097	19
20364	18
20719	17
21312	16
21346	15
21551	14
21601	13
21951	12
22096	11
22516	10
23659	9
23691	8
24203	7
24397	6
24565	5
25311	4
25591	3
26390	2
26417	1
26468	0
