Frontier size:	31
Weakly effici:	0
Total time:	80.4312
point	 time
0	0.242256
1	0.239328
2	0.216556
3	0.408078
4	0.246029
5	0.695509
6	1.07175
7	1.19076
8	0.78831
9	0.704892
10	1.72567
11	1.46506
12	1.51261
13	3.06941
14	2.31221
15	1.09435
16	2.16463
17	2.07829
18	2.40509
19	2.80671
20	2.51529
21	3.77495
22	3.46877
23	3.62031
24	3.64506
25	2.52866
26	3.08154
27	0.945086
28	0.50405
29	0.684926
30	0.495491
================== Frontier ==================
9911	438
10042	437
10240	436
10441	435
10665	434
11202	433
11534	432
11684	431
11973	430
12120	429
12618	428
12879	427
13169	426
13481	425
13600	424
13700	423
14048	422
14240	421
14373	420
14642	419
14895	418
15092	417
15315	416
15735	415
15946	414
16016	413
16406	412
16621	411
16772	410
17199	409
17505	408
