Frontier size:	34
Weakly effici:	0
Total time:	93.2953
point	 time
0	0.274307
1	0.170995
2	0.161429
3	0.134013
4	0.160149
5	0.139043
6	0.15172
7	0.183183
8	0.153861
9	0.127163
10	0.208117
11	0.154585
12	0.130158
13	0.13615
14	0.254997
15	0.304813
16	0.141015
17	0.20252
18	0.317175
19	0.472225
20	0.316919
21	0.34518
22	0.25541
23	0.215276
24	0.183175
25	0.236132
26	0.289144
27	0.224851
28	0.201244
29	0.194462
30	0.278233
31	0.215057
32	0.249952
33	0.212327
================== Frontier ==================
9854	126
9875	105
9883	96
9942	94
10003	92
10270	88
10351	82
10583	80
10625	77
10721	73
10999	71
11200	70
11367	69
11425	68
11468	67
12087	66
12095	64
12203	63
12655	61
12794	60
13149	59
13260	58
13361	53
13613	52
13644	51
14778	50
15654	47
15857	46
17015	45
17478	44
19938	43
19970	42
20001	41
20617	40
