Frontier size:	51
Weakly effici:	0
Total time:	147.469
point	 time
0	0.272346
1	0.176848
2	0.279078
3	0.268077
4	0.254841
5	0.16593
6	0.148925
7	0.151135
8	0.473692
9	0.329801
10	0.56134
11	0.262198
12	1.0134
13	0.93307
14	0.772303
15	0.403824
16	0.346739
17	0.358132
18	0.268461
19	0.36381
20	0.391221
21	0.312949
22	0.299826
23	0.4201
24	0.603728
25	0.539864
26	0.452106
27	0.423156
28	0.335209
29	0.388461
30	0.26686
31	0.320828
32	0.247454
33	0.28053
34	0.212382
35	0.249411
36	0.2286
37	0.290513
38	0.557146
39	0.546431
40	0.412671
41	0.39163
42	0.457795
43	0.386833
44	0.499672
45	0.413443
46	0.514864
47	0.528225
48	0.899109
49	0.482969
50	0.510631
================== Frontier ==================
9854	162
9875	127
9906	110
9917	108
9924	106
9996	97
10041	96
10135	95
10658	94
10660	93
10771	91
10818	90
11112	89
11203	88
11207	84
11251	79
11391	75
11439	74
11461	73
11779	72
11953	70
11970	69
11977	68
12395	67
12656	66
12681	65
12700	64
12822	63
12918	60
13488	59
13494	58
13713	57
13947	55
13949	54
14005	53
14148	52
14422	51
14833	50
15369	48
16041	47
16042	46
17240	45
17684	44
17694	43
18680	42
19129	41
19815	40
20069	39
20772	38
21185	37
21238	36
