Frontier size:	31
Weakly effici:	0
Total time:	82.8541
point	 time
0	0.267379
1	0.194677
2	0.21038
3	0.498201
4	0.543754
5	1.71913
6	1.89293
7	2.40701
8	1.19533
9	1.64653
10	0.977437
11	1.3041
12	1.29071
13	1.28514
14	0.786768
15	1.20269
16	1.39303
17	0.76974
18	5.95597
19	3.36577
20	3.7622
21	3.87562
22	4.70052
23	1.69896
24	2.59826
25	0.983861
26	1.81608
27	0.843675
28	1.86405
29	1.09796
30	1.06033
================== Frontier ==================
9854	416
10064	415
10198	414
10585	413
10812	412
11307	411
11532	410
11847	409
12044	408
12276	407
12458	406
12831	405
13025	404
13139	403
13205	402
13471	401
13740	400
14092	399
14687	398
14861	397
15200	396
15398	395
15832	394
16238	393
16484	392
16550	391
16862	390
17022	389
17461	388
17848	387
18317	386
