Frontier size:	18
Weakly effici:	1
Total time:	11.5348
point	 time
0	0.123468
1	0.0682616
2	0.0947928
3	0.0683454
4	0.0677237
5	0.0836375
6	0.134186
7	0.0642483
8	0.0848234
9	0.0595212
10	0.132313
11	0.0604356
12	0.0761621
13	0.0614644
14	0.0649754
15	0.0799894
16	0.0670331
17	0.0849848
18	0.0656326
================== Frontier ==================
5813	125
5819	121
5864	114
6066	100
6109	98
6122	96
6274	88
6274	84
6587	75
6662	72
7029	71
7076	67
7487	66
7642	65
7785	64
7902	62
8198	61
8568	59
9037	57
