Frontier size:	25
Weakly effici:	0
Total time:	17.5188
point	 time
0	0.117144
1	0.0694913
2	0.0905315
3	0.0657658
4	0.0689189
5	0.0866236
6	0.0619171
7	0.0573234
8	0.0677977
9	0.11645
10	0.0534221
11	0.124462
12	0.144466
13	0.0575524
14	0.186579
15	0.121713
16	0.0641382
17	0.0811845
18	0.0700289
19	0.0728696
20	0.124391
21	0.113677
22	0.0792625
23	0.0911693
24	0.0699363
================== Frontier ==================
5813	119
5819	113
5977	109
6067	107
6120	96
6250	88
6274	76
6587	66
6852	64
7097	63
7294	62
7771	61
8244	60
8272	58
8776	57
8785	54
9595	53
9925	51
10548	50
10647	49
10906	48
11271	46
11501	44
11809	43
13500	42
