Frontier size:	29
Weakly effici:	0
Total time:	22.0321
point	 time
0	0.125249
1	0.2632
2	0.22729
3	0.116811
4	0.236353
5	0.358832
6	0.436025
7	0.408228
8	0.130603
9	0.40445
10	0.387887
11	0.422648
12	0.722501
13	0.78694
14	0.90561
15	0.744878
16	0.718052
17	0.777551
18	0.385405
19	0.465291
20	0.564751
21	0.489655
22	0.729992
23	0.79295
24	0.210781
25	0.257646
26	0.105937
27	0.455967
28	2.07959
================== Frontier ==================
5813	419
5970	418
6045	417
6119	416
6323	415
6497	414
6600	413
6750	412
6762	411
7050	410
7166	409
7283	408
7421	407
7686	406
7926	405
8097	404
8184	403
8332	402
8342	401
8600	400
8862	399
8946	398
9303	397
9485	396
9577	395
9881	394
10176	393
10915	392
11703	391
