Frontier size:	34
Weakly effici:	0
Total time:	93.0869
point	 time
0	0.244391
1	0.146355
2	0.23858
3	0.1647
4	0.385228
5	0.138971
6	0.164946
7	0.119774
8	0.119589
9	0.114095
10	0.147761
11	0.118773
12	0.16149
13	0.126803
14	0.122908
15	0.150843
16	0.13177
17	0.154078
18	0.133726
19	0.167866
20	0.191386
21	0.205554
22	0.186148
23	0.143862
24	0.183808
25	0.173087
26	0.203391
27	0.182655
28	0.260687
29	0.190735
30	0.192066
31	0.236147
32	0.209249
33	0.25769
================== Frontier ==================
9664	106
9757	105
9822	97
9908	94
10005	88
10023	84
10050	82
10184	79
10351	78
10382	74
10526	71
10551	69
10628	67
10842	65
11217	64
11983	62
11991	61
12163	60
12701	59
13152	58
13911	56
14155	55
14304	53
14412	52
14798	51
14938	50
15793	49
16404	46
16411	45
17286	43
17662	42
19040	41
20193	40
20576	39
