Frontier size:	71
Weakly effici:	0
Total time:	239.199
point	 time
0	0.252821
1	0.189335
2	0.18346
3	0.463207
4	0.519951
5	0.377193
6	0.345669
7	0.553684
8	0.31516
9	0.606663
10	0.386808
11	0.42208
12	0.407148
13	0.165745
14	0.455991
15	0.203269
16	0.244759
17	0.205076
18	0.276802
19	0.191941
20	0.451077
21	0.573037
22	0.364299
23	0.643771
24	0.413823
25	0.502532
26	0.481599
27	0.312748
28	0.233825
29	0.263302
30	0.279025
31	0.311266
32	0.548051
33	0.700199
34	0.602637
35	0.690147
36	1.42223
37	1.37379
38	1.03883
39	2.42765
40	2.22709
41	1.95968
42	1.29071
43	1.28164
44	1.65664
45	1.75405
46	1.79768
47	0.711598
48	0.692732
49	0.418013
50	0.497767
51	0.952941
52	1.69537
53	1.5641
54	1.61979
55	1.84462
56	1.76136
57	1.26915
58	2.05586
59	1.82269
60	2.06401
61	1.96786
62	1.32003
63	0.82369
64	0.90441
65	1.19997
66	1.23984
67	1.21462
68	1.0552
69	0.60136
70	0.814241
================== Frontier ==================
9664	151
9707	140
9800	130
9822	126
9844	123
9891	117
9916	113
9974	112
9987	110
10020	109
10046	106
10069	105
10084	98
10163	96
10243	94
10271	93
10310	92
10319	91
10379	87
10399	85
10534	84
10590	82
10598	81
10717	80
10846	79
10929	78
10996	77
11063	75
11108	74
11122	73
11141	72
11157	70
11419	69
11735	68
11990	67
12040	66
12619	65
12655	64
13182	63
13461	62
13611	61
13659	60
13691	59
14038	58
14042	57
14077	55
14319	54
14441	53
14792	52
14914	51
15028	50
15193	49
16343	48
16780	47
16963	46
17196	45
17541	44
17600	43
18177	42
18668	41
19214	40
19638	39
20094	38
20106	37
20158	36
21075	35
21228	34
21596	33
22121	32
22494	31
23064	30
