Frontier size:	37
Weakly effici:	0
Total time:	165.625
point	 time
0	0.253147
1	0.19842
2	0.215855
3	0.217657
4	0.420956
5	0.886009
6	2.18003
7	1.70234
8	3.65486
9	2.4782
10	2.42518
11	1.82254
12	2.84231
13	4.95816
14	7.08394
15	5.73459
16	3.6258
17	6.2787
18	6.08751
19	2.31487
20	3.40099
21	5.48638
22	2.78933
23	6.07561
24	5.3487
25	3.17285
26	3.74401
27	1.25535
28	4.45367
29	1.6738
30	4.05163
31	6.74036
32	6.35175
33	6.60534
34	3.73167
35	2.21657
36	2.93056
================== Frontier ==================
9664	404
9895	403
10036	402
10285	401
10607	400
10905	399
11291	398
11502	397
11797	396
12024	395
12267	394
12514	393
12845	392
13266	391
13531	390
13824	389
13943	388
14245	387
14448	386
14605	385
14752	384
15067	383
15230	382
15669	381
15997	380
16416	379
16686	378
16776	377
17318	376
17685	375
18211	374
18939	373
19401	372
19796	371
20321	370
20566	369
21078	368
