Frontier size:	31
Weakly effici:	0
Total time:	84.304
point	 time
0	0.232015
1	0.159833
2	0.195533
3	0.148139
4	0.143603
5	0.133982
6	0.346884
7	0.342106
8	0.285442
9	0.275182
10	0.15636
11	0.122426
12	0.129418
13	0.166409
14	0.1522
15	0.234864
16	0.238688
17	0.149341
18	0.178607
19	0.154836
20	0.15796
21	0.195102
22	0.159614
23	0.203547
24	0.175745
25	0.193147
26	0.218101
27	0.181059
28	0.186198
29	0.236543
30	0.202266
================== Frontier ==================
9560	117
9605	109
9690	108
9702	89
9774	86
9847	84
9938	82
10135	79
10157	68
10399	65
10489	64
10658	63
10911	62
11111	60
11753	59
12147	58
12242	54
12626	53
13055	52
13554	51
13640	50
13894	49
14012	48
14488	47
15029	46
15383	45
16133	44
16555	43
17193	42
17799	41
19152	40
