Frontier size:	52
Weakly effici:	0
Total time:	157.562
point	 time
0	0.236584
1	0.164536
2	0.228151
3	0.165255
4	0.165655
5	0.156191
6	0.168307
7	0.175016
8	0.141073
9	0.158978
10	0.162971
11	0.854905
12	0.470339
13	0.746474
14	0.592716
15	0.486566
16	0.433973
17	0.324515
18	0.991627
19	0.980799
20	0.922989
21	0.379484
22	0.569119
23	0.876822
24	0.730194
25	0.915285
26	1.12702
27	0.649707
28	0.530553
29	1.17781
30	0.683595
31	0.881794
32	0.490775
33	0.399433
34	1.99579
35	1.20506
36	1.43206
37	0.725584
38	1.45145
39	0.817403
40	0.777458
41	0.744317
42	0.615699
43	1.04716
44	0.776489
45	0.488772
46	0.470111
47	0.57572
48	0.543416
49	0.539586
50	0.393783
51	0.492073
================== Frontier ==================
9560	159
9605	151
9702	132
9706	115
9736	103
9783	102
9791	99
9831	98
9928	96
9929	95
9944	92
10250	87
10357	85
10523	81
10570	80
10610	79
10654	78
10686	77
11225	76
11235	73
11237	72
11258	70
11327	69
11642	68
11749	67
11803	64
12180	63
12193	61
12398	60
12828	59
12910	57
12943	56
13005	55
13020	54
13664	53
13841	52
14001	51
14504	50
14784	49
14829	48
14868	47
14894	46
14937	45
15314	44
15924	43
16022	42
16053	41
16378	40
16393	39
17125	38
17343	37
18440	36
