Frontier size:	30
Weakly effici:	0
Total time:	158.328
point	 time
0	0.235193
1	0.376243
2	0.389393
3	0.439508
4	0.944596
5	1.29726
6	1.26278
7	1.07441
8	0.912618
9	4.14221
10	3.61302
11	5.9871
12	3.58025
13	4.11616
14	6.01732
15	5.7559
16	6.79357
17	2.54065
18	7.66837
19	6.4201
20	7.27096
21	6.75845
22	7.22504
23	6.19215
24	9.07603
25	8.82434
26	6.12063
27	7.89873
28	3.6033
29	2.38095
================== Frontier ==================
9560	448
9801	447
10097	446
10280	445
10592	444
10959	443
11248	442
11446	441
11840	440
12250	439
12558	438
12699	437
12851	436
13109	435
13405	434
13680	433
13900	432
13995	431
14327	430
14513	429
14746	428
15012	427
15219	426
15325	425
15802	424
16210	423
16440	422
16932	421
17047	420
17292	419
