Frontier size:	32
Weakly effici:	0
Total time:	91.693
point	 time
0	0.253931
1	0.128732
2	0.132503
3	0.178871
4	0.154983
5	0.134738
6	0.143764
7	0.110384
8	0.112825
9	0.151595
10	0.120335
11	0.215832
12	0.155243
13	0.133081
14	0.125212
15	0.163809
16	0.144309
17	0.146197
18	0.178324
19	0.161856
20	0.159469
21	0.19705
22	0.228636
23	0.252896
24	0.231164
25	0.255655
26	0.253634
27	0.195067
28	0.227774
29	0.239469
30	0.281853
31	0.254521
================== Frontier ==================
9589	118
9766	98
9863	92
10221	89
10779	83
10835	73
11183	71
11510	70
11552	65
12527	64
12788	63
13501	60
13693	56
13735	55
13878	54
13898	53
14378	52
14781	49
15282	47
15676	46
16367	45
17535	44
19294	43
20658	42
20886	41
21493	40
22233	39
22983	38
24432	37
25917	35
26943	33
27096	32
