Frontier size:	85
Weakly effici:	0
Total time:	322.626
point	 time
0	0.251984
1	0.169889
2	0.196228
3	0.182213
4	0.441523
5	0.196359
6	0.180157
7	0.17444
8	0.198512
9	0.195756
10	0.177364
11	0.362956
12	0.17676
13	0.184475
14	0.199701
15	0.193514
16	0.3471
17	0.382152
18	0.626003
19	0.353413
20	0.309309
21	0.369209
22	0.394093
23	0.549515
24	0.700376
25	1.1837
26	0.54438
27	0.913038
28	0.570512
29	1.78603
30	1.15827
31	2.18941
32	2.01971
33	1.1324
34	2.80756
35	1.92648
36	1.99918
37	1.67559
38	1.47016
39	1.94944
40	1.55051
41	2.65937
42	1.77976
43	2.39928
44	2.23534
45	1.51845
46	0.884181
47	2.308
48	3.82348
49	3.3535
50	3.72117
51	3.67032
52	3.78847
53	2.55413
54	3.50341
55	3.75872
56	4.81905
57	4.4398
58	1.70627
59	1.35832
60	1.36968
61	1.09317
62	0.752137
63	0.541129
64	0.74919
65	1.31598
66	1.75228
67	1.90001
68	1.12188
69	0.932019
70	0.722202
71	0.852305
72	1.15277
73	0.755356
74	0.764857
75	1.10305
76	1.05452
77	1.23327
78	0.76722
79	0.642621
80	0.675213
81	0.758038
82	0.79051
83	0.617092
84	0.733762
================== Frontier ==================
9589	170
9627	164
9684	154
9936	151
10075	134
10077	122
10125	119
10159	118
10182	112
10233	108
10252	107
10510	106
10525	103
10641	101
10765	100
11116	98
11230	92
11292	91
11407	89
11433	86
11473	84
11597	81
11735	80
11818	79
11998	78
12101	76
12125	75
12155	74
12230	73
12385	72
12536	71
12721	70
12733	69
12896	68
13522	67
13559	66
13619	65
13658	64
13672	63
13731	62
13756	61
14006	60
14113	59
14587	57
14653	56
14657	55
14698	54
15459	53
15648	52
15854	50
16341	48
16370	47
16503	46
16516	45
16804	44
17235	43
17566	42
17706	41
17747	40
17797	39
18061	38
19146	36
19182	35
19202	34
19996	33
20973	32
21407	31
21712	30
21807	29
21881	28
21997	27
22179	26
22649	25
23164	24
23580	23
25452	22
25472	21
25749	20
26107	18
26308	17
27198	16
28565	15
28588	14
29199	13
29202	12
