Frontier size:	30
Weakly effici:	0
Total time:	111.872
point	 time
0	0.254769
1	0.202034
2	0.374883
3	0.654151
4	0.766759
5	1.59273
6	0.508341
7	0.490465
8	0.571702
9	0.813156
10	1.27489
11	0.799189
12	1.00779
13	3.32718
14	3.93696
15	4.83297
16	5.35095
17	6.93624
18	6.11523
19	4.36935
20	6.26036
21	10.4721
22	6.26772
23	5.86674
24	1.99305
25	1.25026
26	1.336
27	1.66599
28	2.03906
29	2.39208
================== Frontier ==================
9589	435
9988	434
10434	433
10945	432
11111	431
11460	430
11565	429
11702	428
12016	427
12255	426
12450	425
12665	424
12951	423
13253	422
13557	421
13898	420
14206	419
14480	418
14737	417
14909	416
15259	415
15981	414
16371	413
16758	412
16966	411
17226	410
17594	409
18521	408
19271	407
20078	406
