Frontier size:	32
Weakly effici:	0
Total time:	81.0671
point	 time
0	0.584397
1	0.184371
2	0.361307
3	0.323043
4	0.208755
5	0.536957
6	0.263289
7	0.190297
8	0.161814
9	0.143767
10	0.183847
11	0.143644
12	0.242062
13	0.298896
14	0.367893
15	0.14919
16	0.198632
17	0.249662
18	0.464919
19	0.291562
20	0.21683
21	0.266786
22	0.174132
23	0.170292
24	0.205573
25	0.18033
26	0.184469
27	0.230771
28	0.199168
29	0.225908
30	0.208087
31	0.197855
================== Frontier ==================
9497	123
9528	107
9541	101
9756	100
9815	96
9886	93
9920	90
9945	88
10018	86
10026	85
10049	80
10147	75
10478	74
10530	73
10636	71
10640	69
10849	67
11274	65
11505	62
11830	61
11942	60
12423	57
12469	55
12511	54
12645	53
12919	52
13021	51
13442	50
13626	49
13988	48
14050	47
14165	46
