Frontier size:	77
Weakly effici:	1
Total time:	290.111
point	 time
0	0.5722
1	0.335827
2	0.336539
3	0.339994
4	0.413488
5	0.669936
6	0.374235
7	0.765594
8	0.681625
9	0.420861
10	0.738369
11	0.690959
12	0.589848
13	0.640518
14	0.590144
15	0.733008
16	1.32329
17	0.679414
18	1.05733
19	1.08827
20	1.08171
21	0.643508
22	0.589503
23	1.05853
24	0.980203
25	0.755277
26	1.15442
27	1.33231
28	1.22747
29	1.16674
30	2.09495
31	2.95152
32	1.87252
33	1.2172
34	1.37561
35	1.28381
36	1.875
37	1.1451
38	1.28097
39	1.10626
40	1.51851
41	1.03724
42	1.05918
43	1.49756
44	1.20392
45	1.282
46	3.19044
47	2.88071
48	1.88943
49	3.08884
50	1.96112
51	1.68257
52	1.67469
53	1.73335
54	2.36405
55	2.49828
56	0.776172
57	0.85078
58	1.19693
59	2.17593
60	2.39362
61	2.41957
62	1.15418
63	1.81459
64	3.05391
65	2.82824
66	2.13429
67	3.14557
68	2.54542
69	1.98607
70	1.6661
71	1.63019
72	1.26025
73	1.66947
74	0.959297
75	1.44815
76	1.56939
77	1.5108
================== Frontier ==================
9497	173
9528	166
9532	164
9541	156
9588	130
9622	124
9624	122
9695	120
9707	113
9842	111
9952	108
10026	107
10134	105
10186	104
10229	101
10284	99
10317	98
10349	97
10430	96
10437	95
10500	94
10598	93
10627	92
10775	91
10777	88
10785	87
10878	86
10930	85
10966	84
11052	82
11297	81
11467	79
11524	78
11613	77
11691	76
11723	75
11892	74
11903	73
11906	72
12028	70
12057	68
12211	67
12289	66
12468	65
12468	64
12513	63
12848	61
12962	60
13164	59
13320	58
13330	57
13339	56
13365	55
13391	54
13504	53
13576	51
13612	50
13616	49
13921	48
14378	47
14481	45
14658	44
15067	43
15080	42
16088	41
16365	40
16384	39
16721	38
16907	37
16945	36
17041	35
17255	34
17260	33
17690	32
17765	31
17786	30
18172	29
18467	28
