Frontier size:	39
Weakly effici:	0
Total time:	193.546
point	 time
0	0.585905
1	0.906708
2	1.04276
3	1.57126
4	2.56482
5	4.35189
6	1.98451
7	2.57645
8	3.70801
9	2.86019
10	2.27319
11	3.12695
12	2.6358
13	4.75951
14	4.33469
15	2.3189
16	4.96031
17	3.23723
18	2.68171
19	3.40809
20	2.90484
21	5.31498
22	4.37023
23	3.52784
24	3.95738
25	5.6838
26	3.29238
27	1.71286
28	7.21212
29	2.58995
30	6.07341
31	7.32833
32	7.82456
33	5.49378
34	6.43215
35	4.02878
36	6.52237
37	3.46848
38	3.88085
================== Frontier ==================
9497	412
9761	411
9874	410
10257	409
10519	408
10766	407
10941	406
11113	405
11530	404
11765	403
11959	402
12230	401
12544	400
12768	399
13038	398
13255	397
13494	396
13718	395
13902	394
14313	393
14484	392
14805	391
15003	390
15268	389
15524	388
15958	387
16134	386
16333	385
16958	384
17278	383
17859	382
18128	381
18900	380
19340	379
19612	378
20800	377
21467	376
21716	375
22113	374
