Frontier size:	21
Weakly effici:	0
Total time:	57.7892
point	 time
0	0.272311
1	0.131547
2	0.145098
3	0.16874
4	0.147081
5	0.147036
6	0.240297
7	0.216956
8	0.123223
9	0.138525
10	0.126296
11	0.192465
12	0.224928
13	0.221066
14	0.139923
15	0.15533
16	0.137852
17	0.173376
18	0.18648
19	0.168095
20	0.210817
================== Frontier ==================
10866	96
10957	92
11166	89
11213	88
11241	87
11386	84
11411	81
11561	68
11860	63
12422	59
12606	57
13767	56
13817	55
13979	54
14328	53
14804	52
14949	51
15386	50
15627	49
15868	48
16441	47
