Frontier size:	91
Weakly effici:	1
Total time:	473.985
point	 time
0	0.274917
1	0.216557
2	0.234973
3	0.232532
4	0.227603
5	0.216991
6	0.235779
7	0.823682
8	0.815683
9	0.961783
10	0.549425
11	0.530461
12	0.699056
13	0.765687
14	1.18425
15	0.603662
16	0.885252
17	0.874903
18	1.45622
19	1.44173
20	1.84671
21	1.13494
22	1.4199
23	0.737021
24	0.787676
25	0.823461
26	4.76516
27	3.36893
28	3.52829
29	2.64738
30	3.01151
31	2.34181
32	3.09119
33	3.916
34	4.37303
35	4.90828
36	3.77015
37	2.95605
38	3.57929
39	2.78855
40	2.94349
41	3.10821
42	2.53732
43	4.42622
44	4.61774
45	6.42661
46	4.90503
47	4.05556
48	4.62492
49	3.63268
50	3.3072
51	4.3618
52	4.20146
53	3.87664
54	4.98648
55	4.66747
56	2.95191
57	4.48361
58	3.12875
59	3.0278
60	3.21356
61	2.72597
62	3.23621
63	2.78995
64	2.2444
65	2.64008
66	4.28689
67	4.40588
68	5.65431
69	4.6395
70	5.34193
71	3.68962
72	4.24677
73	3.84804
74	4.07692
75	3.24638
76	3.04748
77	2.78282
78	3.18451
79	3.13361
80	2.86
81	4.40842
82	3.11148
83	2.77668
84	1.75667
85	1.83603
86	2.25048
87	3.68228
88	3.40586
89	3.10004
90	3.28238
91	2.00242
================== Frontier ==================
10866	182
10888	179
10890	157
10909	151
10926	146
10946	141
11017	140
11114	138
11139	137
11184	127
11217	126
11232	122
11309	120
11372	119
11435	117
11480	116
11522	115
11554	114
11713	113
11771	112
11848	111
11903	110
12000	108
12019	106
12042	104
12148	102
12355	101
12414	99
12518	98
12576	97
12594	94
12651	93
12772	92
12832	91
12930	89
13013	87
13028	86
13088	84
13088	83
13124	82
13128	80
13175	78
13304	76
13510	75
13581	74
13761	73
13773	70
13781	69
13832	68
13834	67
13998	66
14174	65
14243	64
14327	61
14641	60
14693	58
14709	57
15139	56
15177	55
15209	54
15213	53
15271	51
15595	49
15705	48
15713	46
16030	45
16495	44
16519	43
16702	42
16855	41
17149	40
17199	39
17237	38
17302	37
17651	36
17711	35
17725	33
17795	32
18276	31
18618	30
18682	29
18981	28
18997	27
19023	26
19036	25
19046	24
19882	23
20771	22
20997	21
21854	19
22222	18
22765	17
