Frontier size:	35
Weakly effici:	0
Total time:	292.138
point	 time
0	0.279624
1	0.452931
2	1.03014
3	0.807752
4	1.2674
5	1.14221
6	1.26674
7	9.78709
8	7.7994
9	13.3891
10	9.57499
11	9.27337
12	9.71928
13	10.4297
14	8.88572
15	9.36334
16	7.76009
17	11.13
18	8.62312
19	8.66773
20	9.94998
21	10.351
22	11.6852
23	10.9829
24	8.24643
25	8.74691
26	7.40169
27	8.48615
28	11.7352
29	6.36155
30	7.92491
31	8.10579
32	7.60366
33	4.61943
34	3.34239
================== Frontier ==================
10866	422
11043	421
11291	420
11488	419
11864	418
12163	417
12469	416
12935	415
13119	414
13444	413
13684	412
13867	411
14065	410
14329	409
14542	408
14808	407
14996	406
15266	405
15368	404
15649	403
15880	402
16134	401
16263	400
16512	399
17030	398
17300	397
17471	396
17966	395
18383	394
18867	393
19174	392
19619	391
19929	390
20342	389
20984	388
