Frontier size:	23
Weakly effici:	0
Total time:	60.0475
point	 time
0	0.239158
1	0.139151
2	0.147381
3	0.177913
4	0.354395
5	0.114688
6	0.15933
7	0.123694
8	0.180685
9	0.246864
10	0.204447
11	0.191027
12	0.121967
13	0.147952
14	0.131899
15	0.146036
16	0.130013
17	0.165877
18	0.151364
19	0.174734
20	0.157776
21	0.182211
22	0.170502
================== Frontier ==================
9595	111
9821	109
9836	103
9846	89
10464	83
10491	80
11025	79
11174	78
11196	75
11587	72
11785	69
11804	68
11857	67
11931	65
12089	63
12186	61
12219	56
12418	55
12772	54
13400	53
13624	52
14399	51
14727	50
