Frontier size:	68
Weakly effici:	0
Total time:	223.657
point	 time
0	0.239987
1	0.155212
2	0.171217
3	0.17829
4	0.161719
5	0.161634
6	0.158847
7	0.171803
8	0.152454
9	0.167511
10	0.158367
11	0.174456
12	0.189757
13	0.194033
14	0.208742
15	0.215852
16	0.217588
17	0.436201
18	0.361068
19	0.509372
20	0.513826
21	0.660158
22	0.580167
23	0.86294
24	0.585902
25	0.94088
26	0.722922
27	1.74636
28	1.05921
29	1.61664
30	1.74947
31	1.02823
32	0.535414
33	0.612261
34	0.624744
35	0.599616
36	1.68075
37	1.1524
38	0.931572
39	0.685184
40	0.627678
41	2.69356
42	1.67153
43	1.43595
44	1.43558
45	1.35765
46	2.01642
47	1.64285
48	1.35765
49	1.381
50	1.62207
51	1.16244
52	2.47512
53	2.55999
54	1.7536
55	1.71167
56	1.32138
57	1.48418
58	1.44438
59	1.55855
60	1.7161
61	1.54374
62	2.09143
63	1.82291
64	1.17061
65	1.79365
66	1.94605
67	2.30987
================== Frontier ==================
9595	163
9598	161
9639	147
9653	134
9742	131
9769	127
9791	123
9830	119
10021	118
10024	112
10038	111
10073	109
10180	108
10182	106
10446	105
10486	104
10545	101
10777	100
10793	99
10890	98
10910	97
11218	96
11263	95
11349	92
11471	91
11555	90
11569	89
11696	88
11799	87
11862	85
11867	83
11948	81
11959	80
12002	77
12273	76
12307	75
13023	74
13025	73
13186	72
13221	70
13337	69
13796	68
13806	67
13839	66
13855	65
13893	64
14109	63
14184	61
14249	60
14338	59
14360	58
14432	57
14866	56
14909	55
14969	54
15020	53
15101	51
15228	50
15259	49
15470	48
15562	47
15666	46
16087	45
16519	44
16690	43
16697	42
16715	41
17047	40
