Frontier size:	40
Weakly effici:	0
Total time:	192.683
point	 time
0	0.245775
1	0.1844
2	0.185216
3	0.22438
4	0.205567
5	0.36769
6	0.63508
7	0.77301
8	0.478641
9	0.530045
10	0.566793
11	0.99845
12	0.956565
13	0.884221
14	3.43889
15	1.51856
16	2.5085
17	5.26919
18	3.81777
19	3.7551
20	4.03975
21	3.3976
22	1.96361
23	5.82656
24	6.28454
25	6.57528
26	9.84448
27	10.9094
28	7.96573
29	6.91553
30	8.26536
31	6.60707
32	5.28651
33	7.70655
34	2.48462
35	5.72417
36	5.28602
37	3.82108
38	7.55298
39	3.35945
================== Frontier ==================
9595	435
9907	434
10282	433
10616	432
10895	431
11056	430
11463	429
11642	428
11825	427
12168	426
12352	425
12735	424
13110	423
13399	422
13723	421
13968	420
14302	419
14550	418
14665	417
14855	416
15163	415
15350	414
15431	413
15912	412
16207	411
16603	410
17092	409
17456	408
17655	407
17897	406
18319	405
18614	404
18702	403
19002	402
19114	401
19759	400
20301	399
20662	398
22963	397
23093	396
