Frontier size:	24
Weakly effici:	0
Total time:	58.3457
point	 time
0	0.234898
1	0.17978
2	0.141349
3	0.153781
4	0.137639
5	0.160167
6	0.133507
7	0.140441
8	0.150545
9	0.141743
10	0.162337
11	0.146701
12	0.165123
13	0.144551
14	0.181617
15	0.162991
16	0.357077
17	0.156879
18	0.163461
19	0.185661
20	0.169289
21	0.254662
22	0.224102
23	0.210942
================== Frontier ==================
9459	165
9600	111
9623	96
9651	90
9865	87
10142	85
10373	82
10450	78
10603	76
10675	75
11120	73
11236	71
11397	70
11408	68
12049	67
12115	65
12181	63
12209	62
12274	58
12598	57
12708	56
12990	54
13201	53
13257	52
