Frontier size:	23
Weakly effici:	0
Total time:	53.2204
point	 time
0	0.233142
1	0.167676
2	0.147885
3	0.166381
4	0.150442
5	0.191477
6	0.157579
7	0.260188
8	0.168268
9	0.168155
10	0.185538
11	0.384719
12	0.292792
13	0.162877
14	0.337908
15	0.642308
16	0.612156
17	0.862125
18	0.682279
19	0.767237
20	0.799618
21	2.51709
22	1.54629
================== Frontier ==================
9459	167
9492	164
9600	146
9623	113
9630	111
9773	105
9859	104
9927	101
9936	100
9953	98
10018	93
10145	91
10151	90
10276	89
10352	86
10545	85
10579	84
10650	82
10882	81
10916	80
11005	78
11545	77
11571	75
