Frontier size:	33
Weakly effici:	0
Total time:	98.3647
point	 time
0	0.230882
1	0.226172
2	0.198439
3	0.275187
4	0.56068
5	0.53143
6	0.227259
7	0.453022
8	0.512869
9	1.44133
10	1.03742
11	0.790073
12	1.00438
13	1.68477
14	1.09987
15	2.87644
16	1.791
17	1.31499
18	1.7756
19	4.22542
20	5.26446
21	5.07627
22	5.94563
23	4.6888
24	3.02431
25	3.35541
26	3.99691
27	0.747202
28	0.449214
29	2.55025
30	4.84903
31	1.6029
32	1.20838
================== Frontier ==================
9459	431
9622	430
9972	429
10258	428
10483	427
10667	426
10738	425
10949	424
11192	423
11474	422
11719	421
11926	420
12299	419
12602	418
12822	417
13330	416
13492	415
13687	414
14066	413
14358	412
14679	411
15052	410
15316	409
15446	408
15683	407
15922	406
16134	405
16286	404
16435	403
17305	402
18037	401
18467	400
18680	399
