Frontier size:	32
Weakly effici:	0
Total time:	158.518
point	 time
0	0.245273
1	0.194949
2	0.485467
3	0.87969
4	1.26209
5	1.35776
6	2.58497
7	2.0726
8	1.19523
9	2.22879
10	3.82128
11	4.48487
12	5.46451
13	3.8657
14	3.20267
15	3.75891
16	2.21283
17	4.53516
18	4.91525
19	3.79911
20	3.0923
21	5.93512
22	8.87556
23	6.43926
24	4.90356
25	4.25842
26	4.03515
27	9.47613
28	8.72098
29	7.17852
30	6.13852
31	6.49763
================== Frontier ==================
9688	442
9938	441
10344	440
10658	439
10834	438
11187	437
11402	436
11492	435
11669	434
11998	433
12346	432
12727	431
12835	430
12938	429
13126	428
13406	427
13608	426
13962	425
14333	424
14454	423
14698	422
15243	421
15581	420
15840	419
16008	418
16134	417
16439	416
17606	415
17825	414
18352	413
18612	412
18837	411
