Frontier size:	32
Weakly effici:	0
Total time:	88.7855
point	 time
0	0.25087
1	0.156047
2	0.196619
3	0.247029
4	0.138432
5	0.161307
6	0.118797
7	0.118357
8	0.189479
9	0.121511
10	0.183979
11	0.206418
12	0.246156
13	0.181624
14	0.20992
15	0.14357
16	0.186423
17	0.284388
18	0.1679
19	0.160904
20	0.180354
21	0.159439
22	0.206584
23	0.174941
24	0.317547
25	0.217904
26	0.196374
27	0.197028
28	0.303014
29	0.229254
30	0.238369
31	0.275362
================== Frontier ==================
9460	110
9577	105
9943	94
10062	92
10065	84
10152	82
10201	79
10501	74
10664	72
10834	70
11175	65
11813	64
11890	63
11952	62
12014	60
12103	59
12776	58
13003	57
13302	56
13524	55
13847	53
14117	52
14347	51
14746	50
14770	49
15413	48
15806	46
16711	44
17480	43
18064	41
18763	40
20471	39
