Frontier size:	54
Weakly effici:	0
Total time:	169.244
point	 time
0	0.213154
1	0.14055
2	0.199511
3	0.163958
4	0.152682
5	0.127403
6	0.218421
7	0.210745
8	0.213096
9	0.231722
10	0.26425
11	0.238887
12	0.362141
13	0.264741
14	0.283542
15	0.227988
16	0.262745
17	0.315475
18	0.457927
19	0.283082
20	0.447439
21	0.735964
22	0.513645
23	0.692265
24	1.436
25	0.740844
26	0.692996
27	0.684975
28	0.6186
29	0.348492
30	0.342494
31	0.458278
32	0.478523
33	0.648684
34	0.668154
35	0.982013
36	0.898599
37	0.553785
38	0.635683
39	0.657583
40	0.344455
41	0.282306
42	1.02589
43	0.816199
44	0.555276
45	0.628559
46	0.799105
47	1.58764
48	0.689608
49	1.14298
50	0.812259
51	0.819928
52	0.996917
53	1.01127
================== Frontier ==================
9460	115
9463	106
9699	102
9717	97
9735	96
9793	92
9963	91
9969	86
9989	85
10052	83
10123	82
10151	81
10409	80
10483	78
10546	77
10696	76
10702	75
10712	74
10952	71
10956	70
11412	69
11677	68
11761	67
11915	66
12153	65
12176	64
12417	63
12446	62
12467	60
12614	57
12779	56
12993	55
13504	54
13616	53
13952	52
14004	51
14009	50
14059	49
14308	48
14310	47
14731	45
14791	43
15927	42
15962	41
16029	40
17045	39
17229	38
18143	37
18290	36
18878	35
19469	34
19988	33
20580	32
20596	31
