Frontier size:	34
Weakly effici:	0
Total time:	123.953
point	 time
0	0.210452
1	0.172578
2	0.184184
3	0.221397
4	0.280877
5	0.628818
6	0.799786
7	0.802942
8	0.518745
9	1.1471
10	0.717954
11	1.76374
12	1.08329
13	4.13983
14	4.28116
15	6.70626
16	4.08802
17	4.09209
18	2.7135
19	6.13309
20	3.02025
21	2.05182
22	2.42316
23	3.93351
24	2.72661
25	2.34669
26	6.95836
27	4.50006
28	1.53497
29	2.48039
30	6.37436
31	3.1521
32	1.82021
33	4.85079
================== Frontier ==================
9460	407
9783	406
10023	405
10243	404
10534	403
11020	402
11259	401
11476	400
11730	399
11975	398
12200	397
12570	396
12903	395
13319	394
13638	393
13835	392
13953	391
14202	390
14393	389
14755	388
15026	387
15230	386
15634	385
15866	384
16076	383
16214	382
16898	381
17136	380
17237	379
17915	378
18856	377
19154	376
19561	375
20629	374
