Frontier size:	41
Weakly effici:	0
Total time:	114.28
point	 time
0	0.248113
1	0.162278
2	0.152379
3	0.178339
4	0.163349
5	0.174025
6	0.148043
7	0.263313
8	0.12158
9	0.125015
10	0.134767
11	0.183317
12	0.135306
13	0.127498
14	0.156696
15	0.261945
16	0.287985
17	0.145018
18	0.317928
19	0.22742
20	0.151934
21	0.180206
22	0.149021
23	0.183303
24	0.179885
25	0.211749
26	0.191643
27	0.189693
28	0.220929
29	0.191442
30	0.23638
31	0.219012
32	0.322309
33	0.220995
34	0.285104
35	0.23522
36	0.243329
37	0.283643
38	0.260712
39	0.358856
40	0.345828
================== Frontier ==================
10098	138
10164	113
10324	107
10363	104
10498	99
10509	96
10824	94
10864	83
11032	81
11214	77
11480	75
11783	72
11861	68
12070	67
12201	66
12823	64
13440	63
13778	60
13991	59
14043	58
14248	57
14803	56
15024	55
15093	54
15222	53
16363	52
16749	51
17222	49
18005	47
18110	45
18676	44
19064	43
19180	42
19591	41
20667	39
20695	38
22229	35
22296	34
22826	33
24954	32
26094	31
