Frontier size:	100
Weakly effici:	1
Total time:	372.113
point	 time
0	0.24422
1	0.31091
2	0.367789
3	2.04111
4	0.493754
5	0.495788
6	0.492286
7	0.545355
8	0.529829
9	0.388916
10	0.63588
11	0.572903
12	0.571473
13	1.07579
14	0.532711
15	0.403427
16	0.433225
17	0.922549
18	0.426279
19	0.438979
20	0.590248
21	0.858992
22	0.56517
23	0.615799
24	0.821851
25	0.823558
26	0.756701
27	0.672831
28	0.557454
29	0.798826
30	0.590934
31	0.69157
32	0.877962
33	1.07435
34	0.882219
35	0.700857
36	0.746814
37	1.05143
38	1.13422
39	0.998195
40	0.708058
41	1.34483
42	1.01946
43	0.873181
44	1.56889
45	1.37152
46	1.60887
47	1.40939
48	1.15408
49	1.32333
50	1.12354
51	1.03365
52	1.35899
53	1.49553
54	1.2496
55	1.58188
56	1.19045
57	0.982081
58	1.9287
59	1.02969
60	1.37082
61	1.01138
62	1.26516
63	1.37438
64	1.28206
65	1.13262
66	0.990318
67	1.25416
68	1.23619
69	0.901603
70	1.6217
71	2.05393
72	2.13362
73	3.99252
74	4.16766
75	2.5578
76	4.18091
77	3.49028
78	2.92715
79	2.90424
80	3.36311
81	3.31461
82	2.13607
83	2.82469
84	2.65045
85	2.68858
86	3.40145
87	3.43177
88	2.2616
89	2.17466
90	1.93882
91	2.34715
92	2.07417
93	2.44238
94	2.72778
95	2.51793
96	1.71431
97	1.99257
98	1.52305
99	1.6457
100	1.44035
================== Frontier ==================
10098	165
10232	159
10320	158
10354	156
10377	151
10379	149
10393	148
10440	147
10441	143
10480	142
10582	139
10604	138
10610	137
10683	136
10724	133
10725	132
10751	131
10876	125
10893	124
10897	123
10954	121
10998	117
11037	115
11047	114
11048	113
11054	112
11078	111
11078	110
11174	109
11188	107
11246	106
11362	105
11365	104
11689	102
11712	100
11766	97
11797	95
11861	94
11876	93
11925	92
11938	91
12016	90
12019	89
12045	87
12125	85
12310	84
12387	80
12446	79
12460	78
12473	77
12515	76
12596	75
12609	74
12719	73
12731	71
12885	68
12937	67
12957	66
13209	65
13279	64
13879	63
13885	62
13977	61
14018	60
14117	59
14126	58
14214	57
14293	56
14327	55
14330	53
14631	52
14846	51
14955	50
15453	49
15488	48
15530	47
15742	46
15812	45
15828	44
16135	43
16330	42
16354	40
16686	39
16788	38
16820	36
17072	35
17454	34
17719	33
17731	32
17762	31
17815	30
18171	29
18203	28
18861	27
19191	26
19199	25
19364	24
19417	23
19660	22
20152	21
20174	20
