Frontier size:	35
Weakly effici:	0
Total time:	214.887
point	 time
0	0.257902
1	0.204798
2	0.222366
3	0.216549
4	0.218083
5	0.264708
6	0.601321
7	0.527511
8	0.725579
9	0.690315
10	0.843976
11	0.846161
12	0.73872
13	0.79516
14	0.750012
15	1.1226
16	3.08413
17	3.05548
18	10.0869
19	12.4602
20	10.5545
21	8.21034
22	11.1718
23	13.6693
24	10.1286
25	12.179
26	7.06971
27	8.90284
28	9.06963
29	8.66023
30	6.74628
31	8.99294
32	10.3244
33	7.951
34	7.04183
================== Frontier ==================
10098	424
10443	423
10571	422
10708	421
11129	420
11407	419
11633	418
11815	417
12093	416
12209	415
12476	414
12766	413
12930	412
13199	411
13455	410
13671	409
14063	408
14399	407
14934	406
15220	405
15533	404
15678	403
16056	402
16499	401
16782	400
17236	399
17601	398
18018	397
18226	396
18517	395
18889	394
19377	393
19978	392
21271	391
21631	390
