Frontier size:	29
Weakly effici:	0
Total time:	20.8215
point	 time
0	0.120423
1	0.0742239
2	0.119036
3	0.0733653
4	0.0923316
5	0.0661181
6	0.0656925
7	0.083089
8	0.0585651
9	0.0597843
10	0.109169
11	0.0640736
12	0.0614395
13	0.073942
14	0.063043
15	0.0786869
16	0.0605894
17	0.0617929
18	0.0856167
19	0.064302
20	0.0809649
21	0.0721512
22	0.093572
23	0.076685
24	0.0806769
25	0.0997631
26	0.0828982
27	0.0993934
28	0.0856878
================== Frontier ==================
6203	107
6509	105
6676	104
6723	101
6811	90
6858	88
6888	75
7462	71
7910	68
8721	67
8964	66
9005	65
9141	64
9186	62
9241	61
9247	60
9284	59
9772	58
9807	56
10170	55
10341	53
10427	52
11126	51
11812	50
11852	49
12130	48
12634	43
13356	42
13534	39
