Frontier size:	74
Weakly effici:	0
Total time:	80.8975
point	 time
0	0.128467
1	0.0929876
2	0.148904
3	0.158261
4	0.080477
5	0.0679149
6	0.0825765
7	0.0753648
8	0.0794103
9	0.272939
10	0.233789
11	0.302869
12	0.216592
13	0.206903
14	0.226465
15	0.755986
16	0.58971
17	0.489878
18	0.384807
19	0.403594
20	0.355258
21	0.65792
22	0.57528
23	0.892453
24	0.57059
25	0.48621
26	0.35407
27	0.249396
28	0.230808
29	0.275945
30	0.242671
31	0.194298
32	0.322314
33	0.299931
34	0.387043
35	0.43094
36	0.739337
37	0.426547
38	0.767492
39	1.4007
40	0.880805
41	0.547593
42	0.551734
43	0.628856
44	0.776169
45	1.03504
46	1.08446
47	1.00231
48	0.791202
49	0.531527
50	1.10926
51	0.49249
52	0.84628
53	0.595251
54	0.528792
55	0.595869
56	0.471845
57	0.354653
58	0.444649
59	0.346226
60	0.188455
61	0.291006
62	0.404693
63	0.519817
64	0.563685
65	0.878538
66	0.376854
67	0.330141
68	0.239536
69	0.225509
70	0.275244
71	0.308451
72	0.277227
73	0.239888
================== Frontier ==================
6203	179
6299	163
6379	153
6416	129
6419	116
6523	114
6565	109
6640	108
6734	104
6964	103
6966	101
7059	98
7124	97
7198	96
7268	95
7690	94
7696	93
7708	90
7721	89
7731	88
7864	85
8004	84
8034	83
8054	82
8067	81
8200	79
8229	76
8291	75
8447	74
8479	72
8552	71
8748	69
8852	68
8995	67
9080	66
9368	64
9498	61
9529	58
10035	57
10308	55
10321	54
10399	53
10477	51
10758	50
11105	49
11106	48
11302	46
11311	45
11333	44
11376	41
11551	40
11727	39
12107	38
12268	37
12329	36
12448	35
12647	34
12699	33
12875	32
13128	29
13339	28
13562	27
14016	26
14632	25
15151	24
15526	23
15574	22
15730	21
15871	19
16225	18
16275	17
16926	16
17290	14
18142	13
