Frontier size:	27
Weakly effici:	0
Total time:	19.5598
point	 time
0	0.130092
1	0.132611
2	0.135232
3	0.115032
4	0.106041
5	0.100708
6	0.459312
7	0.38094
8	0.46336
9	0.658931
10	0.568956
11	0.626399
12	0.924479
13	0.491031
14	0.366641
15	0.333631
16	0.534044
17	0.633547
18	0.872311
19	1.16052
20	0.425663
21	1.05989
22	0.707033
23	1.20078
24	0.381834
25	0.238186
26	0.304708
================== Frontier ==================
6203	399
6355	398
6454	397
6501	396
6770	395
6900	394
7154	393
7274	392
7336	391
7614	390
7705	389
7849	388
7964	387
8082	386
8127	385
8198	384
8410	383
8550	382
8748	381
8988	380
9080	379
9518	378
9678	377
9900	376
9910	375
10064	374
10558	373
