Frontier size:	43
Weakly effici:	0
Total time:	121.345
point	 time
0	0.236567
1	0.172184
2	0.167148
3	0.455352
4	0.391604
5	0.151549
6	0.1439
7	0.154106
8	0.281193
9	0.153833
10	0.125025
11	0.285778
12	0.176856
13	0.138693
14	0.137692
15	0.175409
16	0.138736
17	0.142196
18	0.178929
19	0.143656
20	0.149066
21	0.197626
22	0.168223
23	0.172976
24	0.207467
25	0.163899
26	0.170113
27	0.36599
28	0.188753
29	0.235805
30	0.204459
31	0.236647
32	0.27225
33	0.222257
34	0.218778
35	0.281739
36	0.248297
37	0.306781
38	0.30744
39	0.499886
40	0.254179
41	0.293667
42	0.421983
================== Frontier ==================
9039	139
9103	114
9320	111
9588	99
9644	88
9662	87
9684	85
9773	84
9973	82
10093	75
10374	74
10596	73
10686	70
10688	68
10710	67
10971	66
10990	65
11625	63
11893	61
12755	57
12907	55
13093	53
13395	52
13665	51
14122	50
14813	48
15410	47
15935	46
16162	45
16618	44
16873	43
17115	42
17721	41
18016	39
19501	38
20009	37
20078	36
20283	35
21279	34
22275	33
22799	32
23278	31
25300	30
