Frontier size:	62
Weakly effici:	0
Total time:	174.149
point	 time
0	0.235999
1	0.153112
2	0.1532
3	0.171401
4	0.158471
5	0.153076
6	0.448577
7	0.421222
8	0.345042
9	0.373927
10	0.421619
11	0.428294
12	0.270564
13	0.17883
14	0.16144
15	0.190863
16	0.186806
17	0.221843
18	0.203726
19	0.175155
20	0.25878
21	0.218849
22	0.436636
23	0.347067
24	0.317931
25	0.261421
26	0.390755
27	0.429451
28	0.455824
29	0.399601
30	0.662779
31	0.785563
32	0.73072
33	0.606952
34	0.473571
35	0.655451
36	0.494826
37	0.481227
38	0.636121
39	0.525177
40	0.616995
41	0.432634
42	0.428573
43	0.42775
44	0.475121
45	0.444145
46	0.432368
47	0.643006
48	0.733754
49	0.941349
50	1.3459
51	0.69581
52	0.678636
53	1.5454
54	1.61005
55	1.39128
56	0.643352
57	0.775857
58	1.72902
59	1.13841
60	0.506299
61	0.799816
================== Frontier ==================
9039	144
9042	142
9084	140
9301	124
9319	123
9342	116
9583	112
9637	111
9655	109
9686	106
9707	104
9747	99
9777	96
9810	95
9925	93
9941	90
10029	89
10044	87
10186	86
10189	83
10224	82
10289	81
10653	80
10674	79
10713	78
10726	76
10960	74
11007	73
11393	72
11515	71
11645	70
11851	69
11919	68
11985	67
12000	66
12128	65
12185	64
12216	63
12312	62
12422	61
12512	60
12539	59
12604	58
12675	57
12736	56
13115	55
13216	54
13459	53
14113	52
14396	51
14411	50
14561	48
15000	47
16151	46
16152	45
16289	44
16634	43
16955	42
17801	41
17880	40
18042	39
18071	38
