Frontier size:	32
Weakly effici:	0
Total time:	162.93
point	 time
0	0.234755
1	0.198143
2	0.430302
3	0.55848
4	0.228451
5	0.278454
6	1.01377
7	1.2609
8	1.81198
9	1.44241
10	0.768909
11	1.89106
12	2.32107
13	2.87856
14	4.03738
15	2.19014
16	3.20986
17	5.47881
18	5.69559
19	6.74499
20	7.47196
21	5.07561
22	4.57017
23	10.0167
24	5.69924
25	11.0062
26	8.34111
27	8.44361
28	7.09493
29	8.72797
30	6.65559
31	4.15765
================== Frontier ==================
9039	428
9595	427
10122	426
10261	425
10504	424
10667	423
11269	422
11555	421
11885	420
12042	419
12310	418
12777	417
13040	416
13385	415
13617	414
13721	413
13923	412
14351	411
14668	410
14884	409
15235	408
15480	407
15692	406
16084	405
16282	404
16845	403
17094	402
17523	401
17733	400
18170	399
18517	398
18765	397
