Frontier size:	47
Weakly effici:	0
Total time:	534.996
point	 time
0	1.51612
1	1.81438
2	1.34577
3	1.45984
4	1.75591
5	1.78021
6	1.23982
7	0.841885
8	0.453128
9	0.481746
10	0.455988
11	0.345748
12	0.349886
13	0.310969
14	0.558277
15	0.39589
16	0.294797
17	0.37744
18	0.553143
19	0.573546
20	0.551098
21	0.43747
22	0.31605
23	0.397829
24	0.336627
25	0.490672
26	0.485729
27	0.605525
28	0.541048
29	0.460096
30	0.502329
31	0.40864
32	0.404289
33	0.556247
34	0.481225
35	0.673284
36	0.621069
37	0.576521
38	0.633873
39	0.623913
40	0.745188
41	0.608821
42	0.574306
43	0.698867
44	0.730254
45	0.63542
46	0.752958
================== Frontier ==================
9568	120
9728	102
9935	101
9998	100
10033	99
10154	91
10166	90
10225	89
10291	83
10334	80
10378	78
10422	77
10502	73
10592	64
10750	63
10759	62
10896	61
11276	60
11771	59
12152	58
12286	55
12397	53
12448	51
13189	49
14259	48
14439	47
14627	46
14782	45
15049	44
15298	43
16398	42
16657	41
17192	40
17394	39
17794	38
17928	37
17974	36
19505	35
19900	34
20145	33
20992	32
21545	31
23371	30
23965	29
24803	28
25532	27
27394	26
