Frontier size:	95
Weakly effici:	0
Total time:	1387.35
point	 time
0	1.56956
1	2.54933
2	2.25034
3	1.71627
4	1.51015
5	1.28247
6	1.36769
7	1.66485
8	1.89823
9	1.94155
10	1.74134
11	2.5837
12	2.19956
13	1.21041
14	1.19522
15	1.6532
16	1.83056
17	1.93375
18	1.47061
19	1.5975
20	1.27993
21	1.65584
22	0.94416
23	1.50579
24	1.19571
25	1.68827
26	1.29407
27	1.83711
28	3.37156
29	2.55062
30	2.77867
31	4.81898
32	4.9787
33	5.07486
34	4.89193
35	3.64603
36	5.55048
37	4.70037
38	5.49938
39	5.44745
40	3.42863
41	3.02277
42	5.80253
43	1.96832
44	2.48735
45	5.78699
46	5.56825
47	6.75764
48	6.48074
49	11.2406
50	10.1904
51	10.0761
52	7.72875
53	6.36812
54	6.72002
55	4.7502
56	4.22132
57	7.25552
58	7.51135
59	7.43216
60	5.30199
61	5.39117
62	5.10884
63	4.49557
64	4.88501
65	4.3354
66	5.30017
67	5.88719
68	4.93199
69	4.2668
70	5.64662
71	6.61236
72	6.32071
73	7.25778
74	5.02719
75	5.95942
76	4.28233
77	4.52778
78	4.55931
79	3.84838
80	4.95552
81	5.42288
82	2.62322
83	3.15998
84	2.19928
85	1.82646
86	1.80089
87	1.69308
88	2.44052
89	2.2496
90	2.2438
91	2.26487
92	2.44135
93	2.54568
94	2.45879
================== Frontier ==================
9568	163
9728	147
9754	135
9774	125
9779	117
9788	116
9814	110
9888	109
9925	107
9980	104
10051	103
10228	102
10241	97
10245	93
10259	92
10377	89
10449	88
10459	86
10500	85
10638	84
10644	83
10669	81
10680	80
10749	79
10788	78
10855	77
10890	76
11327	75
11574	73
11600	72
11641	71
11816	70
11880	69
11938	68
11959	67
12002	66
12112	65
12150	64
12249	63
12456	61
12557	60
12572	59
12867	57
12875	56
13018	55
13416	54
13532	53
13603	52
13784	51
14316	50
14495	49
14571	48
14688	47
14763	46
14773	45
14840	44
14865	43
15273	42
15329	41
15629	40
15688	39
15750	38
15971	36
16158	35
16954	34
17045	33
17450	32
17752	31
17773	29
17898	28
19258	27
19634	26
19789	25
20593	24
21008	23
21233	22
21482	21
21960	20
22467	19
23411	18
23715	17
23720	16
23919	15
24772	14
24838	13
24929	12
26007	11
27401	10
28059	9
28492	8
29934	7
30764	6
31863	5
32529	4
33891	3
