Frontier size:	34
Weakly effici:	0
Total time:	1353.45
point	 time
0	1.51528
1	3.11497
2	3.33573
3	3.81924
4	4.37578
5	5.67908
6	7.52586
7	8.42041
8	15.7966
9	19.0862
10	30.6689
11	17.3804
12	24.4388
13	38.4722
14	29.4208
15	52.5122
16	61.2214
17	95.7031
18	66.4387
19	58.0266
20	119.99
21	85.2386
22	90.6723
23	44.7947
24	18.7938
25	22.0142
26	34.7206
27	28.1079
28	30.3222
29	15.4698
30	41.2598
31	30.1817
32	54.1795
33	53.4973
================== Frontier ==================
9568	432
10037	431
10225	430
10346	429
10623	428
10914	427
11303	426
11546	425
11863	424
12233	423
12500	422
12618	421
12905	420
13140	419
13259	418
13504	417
13869	416
14169	415
14335	414
14546	413
14954	412
15107	411
15393	410
15619	409
15748	408
16019	407
16839	406
17136	405
17493	404
17701	403
18654	402
18831	401
20060	400
20282	399
