Frontier size:	44
Weakly effici:	0
Total time:	516.359
point	 time
0	1.20359
1	0.60622
2	0.501984
3	0.539466
4	0.446071
5	0.475141
6	1.01777
7	0.74272
8	0.828466
9	0.278331
10	0.360853
11	0.32488
12	0.364322
13	0.407284
14	0.277474
15	0.335841
16	0.292325
17	0.353711
18	0.375979
19	0.307653
20	0.384857
21	0.450304
22	0.328741
23	0.329945
24	0.382744
25	0.339808
26	0.451828
27	0.360409
28	0.387651
29	0.443372
30	0.395172
31	0.415809
32	0.492085
33	0.461181
34	0.473634
35	0.649093
36	0.643493
37	0.601821
38	0.672001
39	0.688931
40	0.693726
41	0.706721
42	0.671571
43	0.814446
================== Frontier ==================
9258	99
9336	91
9371	90
9469	87
9509	84
9514	77
9953	74
9995	73
10346	67
10364	65
10542	64
10546	63
10644	61
10843	60
11074	58
11410	57
11607	56
11928	54
12169	53
12252	52
13157	51
13379	49
13479	48
13611	46
13772	45
13778	43
13871	42
13900	41
14115	40
14328	39
15129	38
16400	37
17913	36
18388	35
20079	34
20192	33
20736	32
21093	30
22784	29
23610	28
25312	26
27010	25
29768	24
31583	23
