Frontier size:	117
Weakly effici:	2
Total time:	2334.78
point	 time
0	1.20574
1	1.5009
2	1.55753
3	1.31635
4	0.974693
5	0.91993
6	0.99776
7	0.811902
8	0.758672
9	0.846624
10	1.06634
11	1.03027
12	1.03958
13	0.919389
14	1.33552
15	1.35919
16	1.51378
17	0.931178
18	1.08175
19	1.0668
20	0.828615
21	1.51792
22	1.97381
23	2.29673
24	2.45618
25	2.42531
26	2.63758
27	2.43294
28	2.28088
29	4.9639
30	6.11684
31	4.12074
32	5.76104
33	5.5004
34	5.20415
35	5.21798
36	4.79618
37	9.2782
38	8.88787
39	7.48703
40	12.6702
41	13.2603
42	11.4784
43	8.35637
44	11.2091
45	8.45117
46	9.6946
47	9.25801
48	10.6402
49	7.70737
50	10.7994
51	11.7309
52	7.12913
53	8.96546
54	11.6809
55	13.4769
56	12.3162
57	11.9258
58	16.5353
59	11.8076
60	13.8788
61	21.8322
62	14.4645
63	12.8327
64	18.3345
65	16.9619
66	22.7796
67	20.0421
68	17.5912
69	24.5572
70	21.1172
71	24.1011
72	21.9305
73	33.9757
74	15.7503
75	18.3105
76	13.0712
77	13.2561
78	13.2843
79	10.9788
80	10.1636
81	10.4984
82	11.0247
83	7.52831
84	11.4559
85	18.6516
86	18.4166
87	11.5253
88	9.97995
89	14.0656
90	9.70034
91	10.2582
92	11.9437
93	14.1214
94	21.8406
95	19.313
96	15.3527
97	12.9377
98	22.3879
99	24.8863
100	20.3785
101	19.7583
102	12.7641
103	10.9333
104	7.92152
105	10.4686
106	9.42643
107	9.99279
108	10.4771
109	11.1666
110	8.26508
111	7.30129
112	6.13151
113	6.01566
114	5.42436
115	8.16277
116	10.0382
117	14.5339
118	8.86784
================== Frontier ==================
9258	186
9293	170
9329	165
9359	159
9360	154
9363	146
9380	144
9384	141
9418	140
9435	139
9470	134
9519	129
9554	125
9623	124
9702	123
9704	122
9711	120
9718	116
9755	115
9812	114
9975	112
10104	111
10281	110
10326	108
10429	106
10438	105
10449	104
10463	103
10486	102
10699	101
10779	99
10793	98
10807	95
10920	94
10955	93
10971	92
11021	91
11260	90
11273	89
11295	88
11460	87
11460	86
11460	85
11465	83
11577	82
11592	81
11648	80
11657	79
11752	78
11778	77
11823	76
11892	75
11894	74
11957	73
12044	72
12175	71
12274	70
12322	69
12371	68
12395	67
12438	66
12705	65
12708	64
12717	63
12763	62
12908	60
13203	59
13250	58
13270	57
13450	56
13460	55
13577	54
13656	53
13692	52
13742	50
13851	49
13873	48
13901	47
13946	45
14005	44
14010	43
14063	42
14176	40
14180	39
14378	38
14700	37
14823	36
14883	34
14936	33
15191	32
15210	30
15516	29
15638	28
15940	27
16280	26
16363	25
16441	24
16535	23
16933	22
17175	21
17226	20
17331	18
17438	17
17612	16
17679	15
18138	14
18177	13
18721	12
18883	11
19074	10
19174	9
19260	8
19297	7
19646	6
19746	5
20083	4
20768	3
21242	1
21477	0
