Frontier size:	36
Weakly effici:	0
Total time:	719.661
point	 time
0	1.20579
1	2.04032
2	2.12695
3	2.65219
4	4.44252
5	2.93936
6	3.87352
7	6.66824
8	3.92419
9	5.30795
10	4.23591
11	5.70858
12	6.10743
13	15.9019
14	8.10202
15	7.30279
16	7.72631
17	10.0794
18	13.8597
19	13.094
20	11.9257
21	16.7051
22	14.8949
23	15.5513
24	19.0508
25	28.8674
26	26.8071
27	54.8681
28	41.7601
29	48.1695
30	28.9719
31	13.6821
32	35.2066
33	27.0276
34	37.9448
35	16.7557
================== Frontier ==================
9258	451
9557	450
9836	449
10157	448
10418	447
10472	446
10660	445
11049	444
11219	443
11546	442
11692	441
11812	440
12124	439
12475	438
12704	437
12841	436
13002	435
13459	434
13825	433
14042	432
14195	431
14823	430
14995	429
15173	428
15694	427
16212	426
16582	425
17179	424
17575	423
17859	422
18144	421
18400	420
19347	419
19740	418
20306	417
20819	416
