Frontier size:	42
Weakly effici:	0
Total time:	488.969
point	 time
0	1.52084
1	1.19833
2	1.30174
3	1.32681
4	1.18744
5	0.42735
6	0.836123
7	0.339785
8	0.788322
9	0.564842
10	0.272286
11	0.325344
12	0.263524
13	0.279288
14	0.338022
15	0.490195
16	0.35055
17	0.298943
18	0.615651
19	0.864572
20	0.71638
21	0.727942
22	0.785618
23	0.43308
24	0.41799
25	0.406245
26	0.430636
27	0.433834
28	0.372771
29	0.602451
30	0.50346
31	0.502283
32	0.613234
33	0.465217
34	0.516682
35	0.617483
36	0.609905
37	0.59729
38	0.630203
39	0.632398
40	0.570101
41	0.688005
================== Frontier ==================
8830	111
8854	101
8927	90
9182	87
9192	80
9213	78
9303	74
9570	70
9658	69
9698	62
9742	60
10076	58
10172	57
10414	56
10572	55
10673	54
10694	53
10856	52
11410	51
11752	48
12533	47
12675	46
12966	45
13150	44
13229	43
13597	42
14543	41
14648	40
14862	39
15946	38
16170	36
16847	35
17410	34
17826	33
18083	32
18195	31
19334	30
19904	29
20780	28
21805	27
21905	26
23108	25
