Frontier size:	85
Weakly effici:	0
Total time:	1200.17
point	 time
0	1.41476
1	1.33474
2	0.81357
3	0.649504
4	1.34918
5	0.877194
6	1.53819
7	1.82906
8	1.68904
9	1.42393
10	2.07841
11	2.79248
12	1.4508
13	1.84435
14	1.91765
15	3.76571
16	2.17756
17	1.39411
18	4.67098
19	4.78801
20	3.5134
21	3.19712
22	3.69219
23	4.54203
24	5.38011
25	2.51042
26	2.14687
27	5.93968
28	4.51563
29	2.71366
30	7.67683
31	4.64084
32	5.742
33	2.89004
34	3.41671
35	3.17682
36	2.42227
37	3.02919
38	3.35681
39	1.47369
40	1.53726
41	2.32673
42	5.21867
43	4.81752
44	2.99529
45	2.50828
46	1.95322
47	1.7511
48	2.35783
49	2.61908
50	1.93881
51	2.18175
52	3.52192
53	2.88765
54	3.89587
55	3.01507
56	3.05435
57	4.04711
58	5.01224
59	4.5454
60	4.3739
61	4.32508
62	2.7564
63	3.32867
64	2.14382
65	2.74299
66	2.46637
67	2.17012
68	3.35943
69	5.81941
70	2.49704
71	2.89125
72	1.55336
73	1.78051
74	2.20121
75	2.23979
76	2.25567
77	2.37569
78	2.27867
79	2.58222
80	2.04936
81	2.72589
82	2.25404
83	2.54767
84	2.51928
================== Frontier ==================
8830	133
8854	110
8866	94
8977	92
9126	91
9130	90
9189	89
9252	85
9353	84
9364	82
9471	81
9472	79
9516	78
9525	76
9540	75
9729	73
9758	72
9808	71
9974	70
10046	69
10079	68
10257	67
10302	66
10340	65
10386	64
10476	63
10517	61
10706	60
10795	59
10831	58
11049	57
11075	56
11179	55
11226	54
11312	53
11374	52
11381	51
11658	50
11759	49
11901	48
11913	47
12240	46
12692	45
12774	44
12804	43
12818	42
13095	41
13106	40
13324	39
13593	38
13679	37
14067	36
14556	35
14928	34
15038	33
15274	32
15344	31
15861	30
16375	29
16566	28
17000	27
17064	26
17168	25
17511	24
18017	23
18060	22
18625	21
19673	20
20181	19
20216	18
21379	17
22070	16
22328	15
22595	14
23410	13
23996	12
24133	11
25197	10
26460	9
27502	8
27905	7
29550	6
29810	5
30651	4
32507	3
