Frontier size:	34
Weakly effici:	0
Total time:	926.057
point	 time
0	1.49174
1	2.66878
2	3.10187
3	4.77129
4	4.74141
5	5.17901
6	10.5557
7	8.75777
8	13.0113
9	11.2997
10	18.2725
11	24.4903
12	46.9011
13	55.7155
14	39.8927
15	50.167
16	39.7315
17	33.267
18	24.7229
19	14.1749
20	13.3186
21	35.4577
22	36.1419
23	38.5473
24	34.3103
25	35.3458
26	30.5562
27	46.1296
28	21.9847
29	11.4209
30	11.307
31	14.223
32	23.3828
33	13.8513
================== Frontier ==================
8830	405
9140	404
9235	403
9708	402
9841	401
10277	400
10502	399
10658	398
11008	397
11267	396
11709	395
12027	394
12328	393
12530	392
12728	391
12928	390
13118	389
13286	388
13500	387
13716	386
13871	385
14350	384
14634	383
14928	382
15185	381
15733	380
16043	379
16728	378
16949	377
17086	376
17402	375
18012	374
18838	373
19086	372
