Frontier size:	35
Weakly effici:	0
Total time:	401.009
point	 time
0	1.17296
1	1.10993
2	0.49194
3	0.63094
4	0.356206
5	0.364833
6	0.383556
7	0.581718
8	0.417781
9	0.248835
10	0.362873
11	0.254568
12	0.348073
13	0.665426
14	0.40109
15	0.502939
16	0.662365
17	0.285775
18	0.350521
19	0.373188
20	0.368381
21	0.348063
22	0.515999
23	0.369158
24	0.365912
25	0.557775
26	0.537877
27	0.364053
28	0.413092
29	0.613936
30	0.451527
31	0.700513
32	0.509353
33	0.508762
34	0.631334
================== Frontier ==================
8505	119
8575	84
8645	83
9126	80
9343	78
9392	71
9483	70
9724	66
9752	58
10007	57
10049	55
10072	54
10171	53
10668	51
10804	49
11103	48
11299	47
11805	46
11894	45
12216	43
12397	42
12765	40
13280	39
13822	38
13831	37
14214	36
14796	35
15085	34
15170	33
16182	32
16265	31
16536	30
17611	29
19579	27
20126	26
