Frontier size:	70
Weakly effici:	1
Total time:	914.095
point	 time
0	1.1749
1	1.05716
2	1.02656
3	1.10692
4	0.913
5	0.920078
6	0.971611
7	0.854293
8	1.43998
9	1.37468
10	1.02005
11	1.24082
12	0.931043
13	0.633563
14	0.614532
15	0.882118
16	1.01684
17	0.498971
18	0.510686
19	0.531254
20	0.391393
21	0.507382
22	0.548175
23	1.83288
24	1.36166
25	1.76956
26	1.53719
27	0.964423
28	1.56293
29	1.02146
30	1.52407
31	1.19956
32	1.35767
33	1.69904
34	1.24064
35	1.74099
36	0.933188
37	2.50127
38	3.81149
39	1.53307
40	3.09827
41	4.53212
42	5.09758
43	6.30001
44	2.27912
45	4.33324
46	3.72995
47	6.5005
48	5.86926
49	6.99031
50	4.75697
51	11.3793
52	8.20247
53	6.33564
54	5.04651
55	4.5754
56	3.45203
57	4.53384
58	5.36288
59	5.78781
60	5.20143
61	2.6993
62	2.87438
63	3.98829
64	2.15809
65	2.7948
66	2.40536
67	1.36464
68	1.30569
69	1.48403
70	1.44146
================== Frontier ==================
8505	143
8524	129
8575	115
8586	107
8608	102
8608	97
8614	96
8619	94
8758	91
8804	89
8842	86
8875	83
8895	81
8907	80
8917	79
8972	78
8982	73
9012	72
9036	71
9073	70
9214	69
9481	68
9496	67
9768	66
10058	65
10189	64
10218	63
10362	62
10412	61
10503	59
10597	58
10899	56
10908	55
11076	54
11231	53
11279	52
11289	51
11754	50
11998	49
12017	48
12277	47
12537	46
12600	45
12805	44
12956	43
13639	42
13780	41
14459	40
14859	39
14999	38
15199	37
16073	36
16269	35
16476	34
16707	33
16872	32
17003	31
17533	30
17553	29
18295	28
18675	27
18732	26
19160	25
20497	24
21273	23
21711	22
22762	21
23511	20
24397	19
25494	18
25779	17
