Frontier size:	35
Weakly effici:	0
Total time:	1093.52
point	 time
0	1.15199
1	1.66709
2	2.69351
3	3.56383
4	3.74053
5	4.53909
6	6.58329
7	9.27638
8	9.98368
9	11.7127
10	18.0962
11	13.0128
12	14.217
13	9.81529
14	10.09
15	10.1241
16	29.2698
17	45.8902
18	38.5935
19	28.3284
20	51.3952
21	35.9879
22	46.6018
23	35.0038
24	37.6108
25	38.9341
26	56.8611
27	60.3499
28	79.5793
29	50.6217
30	29.2518
31	56.0403
32	25.5039
33	28.7029
34	30.2078
================== Frontier ==================
8505	397
8836	396
9090	395
9351	394
9482	393
9828	392
10086	391
10435	390
10675	389
10926	388
11226	387
11500	386
11614	385
11829	384
11984	383
12276	382
12764	381
13096	380
13376	379
13586	378
13762	377
13966	376
14242	375
14358	374
14736	373
15147	372
15505	371
15971	370
16271	369
16643	368
16987	367
17579	366
17793	365
19073	364
19592	363
