Frontier size:	35
Weakly effici:	0
Total time:	405.612
point	 time
0	1.15659
1	0.801277
2	1.27626
3	0.633879
4	0.585001
5	0.494732
6	0.236849
7	0.235548
8	0.241836
9	0.317711
10	0.255743
11	0.262296
12	0.252902
13	0.523
14	0.269789
15	0.503381
16	0.306811
17	0.35564
18	0.367449
19	0.438283
20	0.600638
21	0.44834
22	0.411412
23	0.384793
24	0.489229
25	0.463383
26	0.584175
27	0.397415
28	0.38885
29	0.64056
30	0.451131
31	0.492715
32	0.576666
33	0.492599
34	0.509754
================== Frontier ==================
9441	108
9555	102
9709	96
9769	93
9869	90
9889	69
10124	67
10302	65
10625	63
10678	61
11060	59
11396	58
11607	55
11832	54
12134	52
12612	51
12956	50
13088	49
13384	48
13677	47
14355	45
14495	44
14834	43
15334	42
15666	41
16908	39
17273	38
17669	37
18197	36
19147	35
19679	34
20910	33
21801	31
23183	30
23635	29
