Frontier size:	66
Weakly effici:	0
Total time:	815.431
point	 time
0	1.21681
1	0.880016
2	2.06446
3	0.522816
4	0.442273
5	0.440667
6	0.427099
7	0.308516
8	0.812544
9	0.842035
10	1.02584
11	0.843028
12	0.971189
13	0.918909
14	0.942105
15	1.05197
16	0.917184
17	0.386102
18	0.389824
19	0.896416
20	0.524195
21	0.462215
22	0.537788
23	0.721589
24	0.498666
25	0.478665
26	0.445295
27	0.410485
28	0.771618
29	0.688276
30	1.26308
31	1.09997
32	0.760621
33	1.25827
34	0.537951
35	0.927353
36	1.09906
37	1.20902
38	1.2932
39	1.09519
40	1.78671
41	2.7584
42	1.59469
43	1.61529
44	1.05068
45	0.772728
46	1.02118
47	0.917725
48	0.958067
49	1.13195
50	1.15157
51	1.46592
52	1.34998
53	1.76157
54	1.64424
55	1.4646
56	2.84302
57	1.18888
58	1.88709
59	1.28411
60	1.38528
61	1.64953
62	1.22502
63	1.45456
64	1.37101
65	1.70552
================== Frontier ==================
9441	126
9467	121
9730	101
9767	88
9799	86
9800	84
9850	81
9975	80
10120	78
10189	77
10215	76
10220	75
10376	74
10380	73
10400	71
10620	70
10636	69
10998	68
11009	67
11170	66
11180	65
11210	64
11219	63
11220	62
11315	61
11566	60
11770	58
11931	57
12022	56
12077	55
12287	54
12555	52
12654	50
12674	49
12750	48
12751	47
13686	46
14059	45
14184	44
14189	43
14880	42
15348	41
15377	40
15441	39
15884	38
16190	37
16629	36
17045	35
17137	34
17497	33
18098	32
18639	31
18776	30
19179	28
20386	27
20536	26
20557	25
21008	24
23225	23
24475	22
25062	21
26006	20
26717	19
27356	18
29611	17
30658	16
