Frontier size:	40
Weakly effici:	0
Total time:	779.122
point	 time
0	1.19021
1	1.7519
2	4.47288
3	4.07066
4	3.93693
5	4.71493
6	9.02011
7	8.43581
8	10.0933
9	13.446
10	6.89339
11	7.95578
12	10.574
13	16.9847
14	23.1686
15	27.6351
16	18.4271
17	11.1269
18	22.7743
19	22.3658
20	15.0792
21	18.2329
22	28.2864
23	27.3359
24	36.8277
25	27.8025
26	19.6248
27	18.5679
28	12.4841
29	24.7886
30	24.6006
31	25.5178
32	23.9055
33	17.5678
34	10.9785
35	9.48029
36	17.2431
37	5.42477
38	3.06233
39	3.08222
================== Frontier ==================
9441	409
9690	408
10123	407
10351	406
10586	405
10754	404
11032	403
11340	402
11559	401
11699	400
11889	399
12042	398
12247	397
12669	396
13000	395
13201	394
13278	393
13418	392
13792	391
13983	390
14208	389
14491	388
14902	387
15222	386
15517	385
15889	384
16229	383
16513	382
16767	381
17301	380
17714	379
18265	378
18498	377
19331	376
19893	375
20865	374
21816	373
22401	372
22698	371
23733	370
