Frontier size:	41
Weakly effici:	0
Total time:	493.151
point	 time
0	1.5436
1	0.60533
2	0.552651
3	0.412176
4	0.49053
5	0.243519
6	0.248233
7	0.366162
8	0.265827
9	0.507661
10	0.25569
11	0.252888
12	0.330914
13	0.268448
14	0.279178
15	0.307377
16	0.399708
17	0.457045
18	0.450063
19	0.32729
20	0.347643
21	0.381308
22	0.322868
23	0.35748
24	0.417806
25	0.347769
26	0.412887
27	0.659489
28	0.536072
29	0.489146
30	0.577305
31	0.563711
32	0.689106
33	0.615025
34	0.696051
35	0.630184
36	0.651624
37	0.673659
38	0.748618
39	0.610986
40	0.674112
================== Frontier ==================
9460	113
9470	105
9472	99
9547	93
9579	77
9608	75
9673	74
9807	71
9818	70
9999	66
10169	63
10180	62
10404	60
10406	59
10708	58
11156	57
11158	56
11406	55
11437	53
11731	50
12137	48
12576	47
12645	46
12704	44
12890	43
12957	42
13176	40
14390	39
14394	38
15502	37
16054	36
16143	35
16415	34
17058	33
17222	32
17633	31
20046	30
20609	29
21366	28
22998	27
23645	26
