Frontier size:	79
Weakly effici:	0
Total time:	1140.88
point	 time
0	1.51639
1	0.821915
2	0.524065
3	0.528895
4	0.464421
5	0.517329
6	0.283625
7	0.312851
8	0.373148
9	0.339529
10	0.470257
11	0.531246
12	0.472072
13	0.466212
14	0.708122
15	0.896739
16	1.5048
17	1.73841
18	2.1091
19	2.04206
20	1.37133
21	1.43343
22	1.36922
23	1.64066
24	1.79845
25	1.26842
26	1.47091
27	2.65107
28	0.988371
29	1.37197
30	1.01166
31	1.186
32	1.21475
33	1.35256
34	2.032
35	1.30612
36	3.55719
37	2.40301
38	5.78066
39	5.78246
40	4.57872
41	4.10671
42	5.77747
43	5.82997
44	4.54744
45	3.90264
46	6.13724
47	4.81236
48	3.54937
49	3.95533
50	3.9143
51	4.70602
52	3.75868
53	6.38365
54	4.44908
55	5.80909
56	4.37011
57	2.57803
58	5.12946
59	5.96453
60	5.87691
61	6.92452
62	4.25222
63	4.83335
64	5.26355
65	5.16579
66	4.57603
67	3.65892
68	8.34613
69	5.30851
70	5.13764
71	3.36445
72	1.95357
73	3.94339
74	2.81045
75	2.89872
76	2.05473
77	1.69331
78	2.26061
================== Frontier ==================
9460	109
9512	104
9543	102
9585	96
9595	93
9604	91
9664	87
9666	84
9724	83
9735	82
9788	81
9817	80
9844	79
9896	78
9955	77
10161	76
10502	75
10596	74
10693	73
10749	70
10930	69
11004	68
11073	67
11085	66
11443	65
11482	64
11533	63
11743	61
11854	60
11916	59
12008	58
12030	57
12127	56
12250	55
12552	54
12594	53
12886	52
12887	51
13292	50
13397	49
13721	48
13813	47
14512	46
14779	45
14897	44
15037	43
15211	42
15476	41
15488	40
15610	39
15716	38
15892	37
16182	36
16890	35
16917	34
17168	33
17192	32
17356	31
17688	30
18070	29
18400	28
18715	27
18868	26
19779	25
20537	24
21097	23
21718	22
21910	21
23489	20
23597	19
23663	18
25556	17
25806	16
26912	15
27027	14
27885	13
28742	12
29034	11
29927	10
