Frontier size:	32
Weakly effici:	0
Total time:	630.345
point	 time
0	1.50658
1	1.57631
2	1.39281
3	2.14644
4	2.91279
5	3.49619
6	4.14552
7	10.3632
8	8.56468
9	6.20434
10	6.37972
11	7.97693
12	9.70133
13	7.35633
14	8.24381
15	16.1236
16	12.2262
17	17.1437
18	13.2595
19	16.168
20	29.8263
21	39.5374
22	35.5615
23	20.8483
24	36.0716
25	27.9495
26	34.4103
27	26.8122
28	30.7824
29	12.8016
30	21.8623
31	36.6482
================== Frontier ==================
9460	462
9521	461
9862	460
10205	459
10339	458
10621	457
10797	456
11561	455
11671	454
11841	453
12111	452
12263	451
12487	450
12781	449
13111	448
13515	447
13699	446
13904	445
14102	444
14361	443
14613	442
14900	441
15158	440
15371	439
15670	438
16000	437
16242	436
16500	435
16929	434
17030	433
18724	432
19094	431
