Frontier size:	40
Weakly effici:	0
Total time:	472.092
point	 time
0	1.07892
1	0.533422
2	0.448633
3	0.722652
4	0.481309
5	0.575604
6	0.304573
7	0.319292
8	0.38804
9	0.305051
10	0.277137
11	0.279052
12	0.273248
13	0.354601
14	0.326141
15	0.29731
16	0.297222
17	0.384351
18	0.318542
19	1.52258
20	0.52341
21	0.624548
22	0.4661
23	0.363248
24	0.359628
25	0.463575
26	0.366712
27	0.369611
28	0.466549
29	0.442581
30	0.506005
31	0.612365
32	0.564284
33	0.516087
34	0.593097
35	0.502342
36	0.612695
37	0.846579
38	0.673978
39	0.707964
================== Frontier ==================
9246	92
9497	86
9514	83
9729	79
9897	78
9936	74
10012	73
10068	70
10175	69
10278	66
10344	63
10465	61
10562	60
10718	59
11038	58
11176	56
11291	55
11503	54
11626	53
11884	51
12267	50
12307	49
12443	48
12872	47
13074	45
13094	44
13376	43
13461	42
13690	41
14309	40
14654	39
15522	38
15818	37
16596	36
17281	35
17309	34
18437	33
18738	32
19245	31
20370	30
