Frontier size:	74
Weakly effici:	0
Total time:	957.012
point	 time
0	1.05796
1	0.700668
2	0.718037
3	0.690198
4	0.787085
5	1.3967
6	1.46204
7	1.10859
8	1.1948
9	2.70405
10	2.82588
11	2.00859
12	1.60605
13	1.36366
14	2.41475
15	1.45612
16	1.50827
17	2.10522
18	2.15591
19	1.33402
20	1.75317
21	1.7075
22	0.718105
23	1.65231
24	1.86746
25	2.00438
26	2.67473
27	1.15676
28	1.8679
29	2.77484
30	2.33562
31	1.50144
32	2.30806
33	2.55788
34	3.52452
35	2.14716
36	4.80024
37	5.12874
38	4.31047
39	3.42801
40	2.1536
41	2.9281
42	2.03284
43	3.98371
44	1.92621
45	2.98717
46	2.8491
47	3.58952
48	3.11445
49	2.74847
50	7.0602
51	5.27917
52	4.80265
53	4.24095
54	3.57723
55	3.78906
56	2.95661
57	1.82646
58	3.05222
59	2.51671
60	2.88047
61	3.55503
62	3.19759
63	4.80426
64	2.25701
65	3.94285
66	3.40679
67	3.93698
68	2.96666
69	2.15125
70	2.29073
71	3.29676
72	2.23907
73	2.07852
================== Frontier ==================
9246	141
9376	134
9393	120
9436	118
9453	111
9541	110
9597	109
9607	106
9614	105
9802	104
9823	100
9838	96
9857	92
9890	91
9899	88
9968	87
9982	86
10115	85
10120	84
10179	83
10238	82
10281	78
10287	76
10505	74
10531	73
10582	71
10652	70
10681	69
10851	68
10856	67
10929	66
10944	65
11180	64
11221	63
11310	61
11366	60
11681	59
11848	58
11918	57
11968	56
11980	55
12077	54
12090	53
12415	52
12475	51
12916	50
13140	49
13290	48
13324	47
13338	46
14027	45
14084	44
14291	43
14760	42
14779	41
14926	40
15059	39
15420	38
15507	37
15558	36
16474	35
16625	34
17002	33
17652	32
17862	31
18552	30
19232	29
19523	28
20182	27
20368	26
21270	25
21747	24
22740	23
23232	22
