Frontier size:	29
Weakly effici:	0
Total time:	498.121
point	 time
0	1.05048
1	1.44877
2	2.5493
3	2.46548
4	3.7164
5	4.16476
6	4.88319
7	6.56798
8	7.53008
9	4.0406
10	7.6826
11	12.6127
12	12.6518
13	15.7468
14	19.9296
15	16.5197
16	16.3869
17	30.8956
18	23.5154
19	21.8569
20	22.6688
21	23.418
22	15.9858
23	21.3499
24	23.4254
25	12.2601
26	17.4836
27	26.4354
28	14.7494
================== Frontier ==================
9246	435
9455	434
9773	433
10012	432
10361	431
10562	430
10885	429
11190	428
11472	427
11586	426
11987	425
12473	424
12660	423
12811	422
13241	421
13391	420
13634	419
13977	418
14140	417
14295	416
14757	415
14890	414
15182	413
15382	412
15603	411
15772	410
16295	409
16791	408
17251	407
