Frontier size:	40
Weakly effici:	0
Total time:	432.427
point	 time
0	1.44847
1	0.777065
2	0.709485
3	0.463248
4	0.507771
5	0.449329
6	0.457339
7	0.474057
8	0.323957
9	0.429043
10	0.301233
11	0.293031
12	0.320465
13	0.318579
14	0.504721
15	0.634248
16	0.320623
17	0.44683
18	0.517098
19	0.39522
20	0.337118
21	0.495992
22	0.348275
23	0.463568
24	0.369803
25	0.34243
26	0.454354
27	0.4253
28	0.455346
29	0.448588
30	0.468051
31	0.679797
32	0.501527
33	0.480542
34	0.524264
35	0.659522
36	0.544657
37	0.586903
38	0.647547
39	0.566375
================== Frontier ==================
8936	104
9026	94
9173	89
9248	86
9444	81
9833	80
9914	76
10087	74
10099	73
10103	72
10137	68
10269	66
10474	65
10601	63
11052	61
11179	60
11363	59
11442	58
11508	57
11523	56
11675	55
12155	54
12298	50
13172	49
13194	48
13416	47
13791	46
13951	45
14360	44
14549	43
15387	42
15583	41
16131	40
16146	39
16670	38
17380	37
18818	36
19756	35
20178	34
21110	33
