Frontier size:	81
Weakly effici:	1
Total time:	1218.41
point	 time
0	1.39872
1	1.50455
2	1.37454
3	0.80859
4	0.973552
5	1.07794
6	0.949027
7	0.546775
8	1.79383
9	2.89065
10	1.50548
11	1.51547
12	1.64549
13	1.29053
14	1.61139
15	0.648785
16	0.475082
17	0.453969
18	0.600234
19	0.628875
20	0.772713
21	1.6877
22	3.94292
23	2.19881
24	1.93912
25	3.40742
26	2.45223
27	2.24504
28	4.59326
29	4.64216
30	2.01682
31	2.98459
32	6.91153
33	8.65481
34	7.76097
35	7.13128
36	2.57658
37	8.33698
38	8.00425
39	10.0738
40	8.46918
41	9.67535
42	11.314
43	8.96979
44	8.93002
45	7.4643
46	7.69064
47	6.26705
48	6.16955
49	4.8493
50	3.17532
51	4.41509
52	7.90858
53	4.70483
54	8.05482
55	3.78832
56	3.69798
57	6.43226
58	5.22116
59	5.46578
60	4.9603
61	2.02096
62	1.32188
63	3.67277
64	5.08237
65	5.19265
66	5.07718
67	5.76198
68	5.83056
69	4.14604
70	3.95659
71	5.45162
72	3.02056
73	2.36879
74	1.7201
75	2.60824
76	2.04463
77	1.92693
78	1.42896
79	1.47949
80	1.21459
81	1.36652
================== Frontier ==================
8936	149
8992	129
9122	106
9272	100
9320	99
9392	96
9392	91
9495	90
9543	86
9764	85
9768	84
9792	83
9812	82
9813	81
9814	79
9826	78
9831	77
9854	76
9956	75
9970	74
9995	72
10502	71
10671	70
10673	69
10745	68
10758	67
10778	66
11046	65
11106	64
11239	62
11243	61
11465	60
11735	58
11879	57
11951	56
12040	55
12082	54
12402	53
12515	52
12652	51
12801	50
13010	49
13175	48
13229	47
13616	46
13618	45
13680	44
13879	43
14098	42
14166	41
14187	40
14994	39
15344	38
15361	36
15522	35
15600	34
15633	33
16355	32
16583	31
16725	30
17745	29
17802	28
17863	27
18622	26
19539	25
19639	24
19933	23
20886	22
21671	21
22208	20
22977	19
23742	18
23929	17
24229	16
24475	15
25053	14
25419	13
25965	12
26493	10
27535	9
28332	8
30654	7
