Frontier size:	34
Weakly effici:	0
Total time:	790.009
point	 time
0	1.44169
1	1.52295
2	1.92635
3	3.38678
4	3.82339
5	3.59921
6	2.54498
7	4.53404
8	4.45771
9	9.42247
10	5.85175
11	6.53839
12	5.94786
13	13.1345
14	9.35771
15	8.56728
16	13.3163
17	26.0978
18	41.1129
19	33.1191
20	35.8946
21	47.9066
22	30.6335
23	27.5751
24	21.1088
25	38.834
26	46.5797
27	15.9418
28	37.9802
29	20.735
30	34.2208
31	23.0136
32	39.6641
33	20.8492
================== Frontier ==================
8936	422
9149	421
9387	420
9835	419
10122	418
10247	417
10449	416
10821	415
10973	414
11362	413
11470	412
11708	411
11787	410
12230	409
12510	408
12700	407
13042	406
13286	405
13854	404
14154	403
14351	402
14763	401
14909	400
15077	399
15359	398
15868	397
16271	396
16557	395
17271	394
17532	393
17823	392
18156	391
19111	390
19444	389
