Frontier size:	32
Weakly effici:	0
Total time:	402.888
point	 time
0	1.27531
1	0.27935
2	0.269555
3	0.303712
4	0.229122
5	0.222419
6	0.336284
7	0.243084
8	0.218065
9	0.224019
10	0.278811
11	0.252385
12	0.234516
13	0.29535
14	0.249636
15	0.253106
16	0.383699
17	0.273046
18	0.273666
19	0.341124
20	0.290106
21	0.295414
22	0.429372
23	0.315902
24	0.313001
25	0.3921
26	0.338954
27	0.394771
28	0.519642
29	0.431079
30	0.436734
31	0.532194
================== Frontier ==================
9416	88
9461	82
9553	78
9657	74
9664	73
9795	72
9958	68
9974	62
10296	59
10758	57
11312	56
11573	52
11940	51
11995	50
12187	48
13017	47
13287	46
13760	45
13793	44
14150	43
14493	42
14961	41
15224	40
15655	39
17096	38
17451	37
18482	35
18680	34
20969	33
21862	32
23330	31
24203	30
