Frontier size:	104
Weakly effici:	2
Total time:	1575.58
point	 time
0	1.22236
1	1.1032
2	1.37163
3	1.06996
4	1.15772
5	0.64808
6	0.939098
7	1.1558
8	1.35474
9	1.15646
10	1.17844
11	1.72664
12	1.93436
13	1.36029
14	0.995863
15	0.96553
16	1.57345
17	1.23851
18	1.59887
19	1.80767
20	1.80068
21	1.72896
22	2.50543
23	1.93257
24	1.33367
25	1.15388
26	1.19187
27	1.37837
28	0.880958
29	0.885119
30	1.35127
31	2.15777
32	2.37142
33	2.6762
34	2.94625
35	2.11048
36	2.39741
37	2.01033
38	2.4665
39	3.07446
40	3.00757
41	2.88421
42	3.05912
43	2.71297
44	5.29898
45	3.9204
46	4.5443
47	4.09145
48	3.13833
49	2.56083
50	3.81417
51	5.2957
52	4.90389
53	7.5221
54	5.94231
55	7.9715
56	8.4961
57	5.5032
58	5.44315
59	6.45382
60	6.14685
61	7.89552
62	10.377
63	8.70863
64	11.6881
65	7.42089
66	6.66926
67	9.90681
68	7.80096
69	8.96907
70	8.38806
71	6.18547
72	5.19671
73	8.09722
74	8.07542
75	7.66352
76	8.94314
77	7.33468
78	6.02173
79	4.997
80	6.19496
81	4.67533
82	4.48598
83	4.13736
84	4.34202
85	4.07448
86	4.20646
87	4.70248
88	4.06494
89	4.63672
90	6.83905
91	3.46623
92	2.85324
93	2.7354
94	5.56403
95	5.234
96	4.8456
97	3.54756
98	5.02857
99	4.23294
100	3.80299
101	3.91944
102	4.24117
103	3.27766
104	3.6963
105	4.7634
================== Frontier ==================
9416	152
9450	148
9476	144
9482	137
9486	132
9500	130
9622	127
9627	125
9713	120
9733	119
9734	116
9821	112
9887	110
9889	108
9896	104
9939	103
10063	102
10083	100
10091	99
10118	98
10164	97
10209	96
10233	94
10301	91
10325	90
10326	89
10345	88
10381	86
10452	84
10533	83
10571	82
10636	81
10653	80
10744	79
10808	78
10821	76
10914	73
11070	72
11093	71
11233	70
11269	69
11334	68
11373	66
11422	65
11557	64
11557	63
11669	62
11671	61
11680	59
11751	58
11851	57
12099	56
12187	55
12646	54
12652	53
12731	52
12792	51
12797	50
12928	49
12997	48
13032	47
13238	46
13548	45
13602	44
13700	43
13700	42
13707	41
13932	39
14077	38
14217	37
14524	36
14527	35
14620	34
14841	33
14984	32
15074	31
15457	30
15609	29
15617	28
15667	26
16043	25
16115	24
16352	23
16395	22
17131	21
17528	20
17914	19
18340	18
18536	17
18812	16
19152	15
19242	14
19531	13
19608	12
20482	11
20806	10
21364	9
21410	8
22244	7
22477	6
23049	5
23296	4
23884	3
24402	2
25431	1
26100	0
