Frontier size:	37
Weakly effici:	0
Total time:	715.052
point	 time
0	1.29824
1	2.22023
2	2.14891
3	2.04241
4	2.04365
5	3.79436
6	2.08457
7	1.91518
8	3.25715
9	6.17883
10	7.33984
11	3.96717
12	5.85662
13	6.77197
14	6.5568
15	6.84392
16	16.0298
17	11.9304
18	10.4662
19	6.75462
20	31.6295
21	15.4949
22	32.0849
23	15.7847
24	12.3059
25	15.5776
26	27.507
27	20.1722
28	39.0543
29	39.261
30	30.454
31	31.1601
32	23.2717
33	59.7318
34	33.7884
35	16.6687
36	7.01385
================== Frontier ==================
9416	451
9816	450
9924	449
10039	448
10314	447
10531	446
10776	445
10856	444
11101	443
11688	442
11854	441
11965	440
12161	439
12464	438
12661	437
12922	436
13380	435
13511	434
13648	433
13799	432
14334	431
14497	430
14836	429
15034	428
15156	427
15478	426
15798	425
16157	424
16601	423
16867	422
17182	421
17382	420
17552	419
18198	418
18417	417
18573	416
18745	415
