Frontier size:	22
Weakly effici:	0
Total time:	15.5648
point	 time
0	0.123118
1	0.0726846
2	0.0646839
3	0.0804844
4	0.0508562
5	0.0686078
6	0.0663713
7	0.0738903
8	0.201418
9	0.0546182
10	0.0551944
11	0.0690177
12	0.0525789
13	0.0519954
14	0.0702503
15	0.0560535
16	0.0559503
17	0.0690519
18	0.115116
19	0.0717843
20	0.0675103
21	0.0804433
================== Frontier ==================
6182	130
6222	101
6368	100
6534	86
6537	85
6584	84
6739	75
6848	71
7145	68
7151	64
7388	63
7897	61
8258	60
8457	57
8634	56
8708	55
9021	54
9325	51
10119	49
10245	48
11322	47
11355	46
