Frontier size:	72
Weakly effici:	1
Total time:	69.4513
point	 time
0	0.123336
1	0.0735554
2	0.186841
3	0.114264
4	0.14309
5	0.0908459
6	0.158013
7	0.143469
8	0.222112
9	0.215562
10	0.265108
11	0.267816
12	0.235994
13	0.206661
14	0.235842
15	0.270545
16	0.160532
17	0.392602
18	0.218189
19	0.362781
20	0.372819
21	0.457148
22	0.466649
23	0.266624
24	0.37442
25	0.409079
26	0.259176
27	0.291652
28	0.236708
29	0.212192
30	0.213585
31	0.176939
32	0.16984
33	0.257247
34	0.209246
35	0.270183
36	0.241487
37	0.19053
38	0.471526
39	0.304225
40	0.323621
41	0.258376
42	0.25407
43	0.268616
44	0.264939
45	0.415802
46	0.404735
47	0.361561
48	0.396743
49	0.370543
50	0.340368
51	0.355917
52	0.242273
53	0.31282
54	0.261073
55	0.152788
56	0.217376
57	0.179224
58	0.179665
59	0.2446
60	0.258854
61	0.269242
62	0.224252
63	0.251938
64	0.287944
65	0.320167
66	0.273573
67	0.189607
68	0.230277
69	0.237069
70	0.265162
71	0.20176
72	0.255784
================== Frontier ==================
6182	168
6222	146
6364	133
6419	123
6479	118
6503	110
6618	109
6641	106
6774	102
6795	101
6834	98
6836	97
6845	96
6849	94
6977	93
7105	92
7110	87
7482	86
7484	85
7640	84
7717	81
7776	72
8287	70
8372	68
8515	67
8523	65
8528	64
8561	63
8587	61
8661	60
8715	59
8719	58
8766	56
9007	55
9208	54
9600	51
9916	50
10214	49
10633	48
10659	47
10867	46
10926	45
10939	44
11183	43
11342	41
11602	40
11602	39
11614	38
11629	36
11640	35
11661	34
11668	33
11671	32
12137	31
13003	29
13211	28
13217	27
13630	26
13635	25
14148	24
14744	23
14796	22
15118	21
15223	20
15713	19
15743	17
15992	16
15993	15
17581	13
17718	12
17919	11
19206	10
19457	9
