Frontier size:	39
Weakly effici:	0
Total time:	37.776
point	 time
0	0.128394
1	0.0990292
2	0.114103
3	0.354152
4	0.321901
5	0.211179
6	0.580726
7	0.515307
8	0.65871
9	0.715705
10	1.10421
11	0.544522
12	0.678832
13	2.39026
14	1.13401
15	0.916448
16	1.102
17	0.738281
18	0.90083
19	0.556859
20	1.30559
21	0.734265
22	0.477294
23	0.739768
24	0.393048
25	1.30533
26	0.361385
27	1.4724
28	1.2106
29	0.427432
30	1.6447
31	0.414514
32	0.911099
33	0.290037
34	0.118461
35	0.234313
36	0.102743
37	0.165327
38	0.249639
================== Frontier ==================
6182	423
6269	422
6416	421
6754	420
6871	419
6985	418
7119	417
7291	416
7438	415
7503	414
7646	413
7827	412
7967	411
8271	410
8303	409
8389	408
8627	407
8635	406
8903	405
9000	404
9177	403
9288	402
9292	401
9581	400
9722	399
9972	397
10033	396
10490	395
10580	394
11199	393
11738	392
11827	391
12194	390
12576	389
13057	388
13813	387
13865	386
13963	385
14884	384
