Frontier size:	44
Weakly effici:	0
Total time:	499.824
point	 time
0	1.4247
1	1.00905
2	0.765831
3	1.50928
4	0.775263
5	0.69545
6	0.454417
7	0.467251
8	0.939653
9	0.452647
10	0.74091
11	0.331942
12	0.320032
13	0.386305
14	0.301782
15	0.307655
16	0.301898
17	0.371456
18	0.282005
19	0.369587
20	0.392474
21	0.409862
22	0.307515
23	0.304905
24	0.463854
25	0.374945
26	0.322437
27	0.406706
28	0.337674
29	0.341162
30	0.48904
31	0.444751
32	0.430318
33	0.46001
34	0.445943
35	0.553377
36	0.471155
37	0.476451
38	0.57797
39	0.590013
40	0.520364
41	0.520234
42	0.630218
43	0.696717
================== Frontier ==================
9475	108
9478	94
9608	93
9661	92
9675	87
9767	86
9858	83
9909	82
9989	81
9994	79
10091	74
10152	71
10281	68
10412	67
10459	66
10475	64
10842	62
10896	58
10938	57
11204	54
11740	53
12078	51
12336	49
12770	48
13751	47
14323	46
14507	45
14908	44
15367	43
15569	42
16159	41
16509	40
16813	39
17351	38
18350	37
19180	36
19604	35
20389	34
20884	32
21794	31
23476	30
24927	29
25691	28
29541	27
