Frontier size:	64
Weakly effici:	0
Total time:	788.931
point	 time
0	1.51017
1	0.974267
2	0.8731
3	0.94132
4	1.03575
5	0.991254
6	0.898638
7	1.40041
8	1.38699
9	1.60846
10	1.21184
11	1.4005
12	1.69911
13	1.83637
14	1.07521
15	0.790581
16	0.695867
17	0.429038
18	0.431273
19	1.6271
20	1.67831
21	1.24366
22	1.57663
23	1.05784
24	1.57172
25	1.40842
26	3.4309
27	2.99667
28	1.92367
29	1.43356
30	1.52131
31	2.91185
32	2.01133
33	1.07744
34	0.88781
35	1.10947
36	1.57896
37	0.801104
38	0.923667
39	0.839511
40	1.33234
41	1.07208
42	0.949036
43	1.41048
44	1.28672
45	3.05959
46	2.50418
47	3.69046
48	3.31976
49	3.53229
50	2.62869
51	3.7952
52	3.85643
53	2.33182
54	1.51557
55	1.31359
56	1.66953
57	1.29189
58	1.39377
59	1.10763
60	0.984466
61	1.13114
62	1.54304
63	1.1086
================== Frontier ==================
9475	115
9478	114
9495	107
9505	104
9608	102
9616	100
9664	99
9915	95
9972	93
10027	91
10029	90
10074	88
10133	86
10166	80
10207	78
10234	77
10276	75
10320	73
10324	69
10885	67
10961	66
10982	65
11042	64
11043	63
11393	62
11435	61
11932	60
11969	59
12054	58
12176	57
12290	56
12402	55
12505	52
12513	51
12541	50
12872	49
12943	47
13011	46
13165	45
13220	44
13849	43
14626	42
14634	41
15063	40
15806	39
16554	38
16904	37
17232	36
17904	35
18215	34
18852	33
19441	32
20158	31
20219	30
20278	29
20454	28
20724	27
21796	26
21810	25
22536	24
23552	23
24974	22
25688	21
25756	20
