Frontier size:	35
Weakly effici:	0
Total time:	651.5
point	 time
0	1.49243
1	1.98803
2	3.29536
3	3.78058
4	3.51409
5	4.62797
6	4.29359
7	2.93243
8	3.85138
9	3.22618
10	9.32904
11	8.72577
12	7.20917
13	5.95762
14	11.7653
15	10.5087
16	16.828
17	17.6415
18	15.2551
19	9.99414
20	11.1521
21	15.4673
22	36.0742
23	18.2034
24	23.1342
25	44.9951
26	28.0886
27	38.0374
28	40.0754
29	31.7964
30	18.8877
31	16.3592
32	20.8115
33	7.09198
34	3.54666
================== Frontier ==================
9475	421
9797	420
10109	419
10331	418
10458	417
10581	416
10826	415
10954	414
11240	413
11291	412
11911	411
12024	410
12178	409
12420	408
12795	407
12919	406
13262	405
13479	404
13676	403
13760	402
14040	401
14669	400
15186	399
15335	398
15709	397
16285	396
16494	395
16881	394
17247	393
17452	392
17747	391
18452	390
19370	389
20033	388
20466	387
