Frontier size:	42
Weakly effici:	0
Total time:	511.393
point	 time
0	1.70475
1	0.787979
2	0.376897
3	0.370143
4	0.427426
5	0.378181
6	0.288635
7	0.451129
8	0.250523
9	0.308462
10	0.382172
11	0.397269
12	0.430566
13	0.273869
14	0.262977
15	0.365237
16	0.361846
17	0.492322
18	0.296003
19	0.30388
20	0.366827
21	0.303953
22	0.304687
23	0.507671
24	0.415521
25	0.466285
26	0.511337
27	0.405181
28	0.609351
29	0.511666
30	0.552122
31	0.447592
32	0.450393
33	0.620762
34	0.480124
35	0.525348
36	0.58152
37	0.530195
38	0.510992
39	0.622004
40	0.542892
41	0.543508
================== Frontier ==================
9394	104
9464	88
9683	85
9716	82
9961	80
10201	78
10244	70
10293	68
10307	64
10656	62
10754	61
11183	59
11579	58
11636	57
11840	56
12000	55
12053	53
12448	52
12880	51
13093	49
13144	48
13871	47
14274	46
14839	45
15528	44
15644	42
15920	41
16341	40
17610	39
18458	38
19501	37
20052	36
20786	35
21107	34
21406	33
23369	32
23414	31
24546	30
25646	29
27028	28
27493	27
27965	26
