Frontier size:	40
Weakly effici:	0
Total time:	483.097
point	 time
0	1.69015
1	0.753475
2	0.392507
3	0.361898
4	0.769963
5	0.457982
6	0.310905
7	0.229892
8	0.291328
9	0.236569
10	0.245734
11	0.241821
12	0.309075
13	0.26562
14	0.261583
15	0.32319
16	0.273626
17	0.26719
18	0.359064
19	0.280756
20	0.291716
21	0.367593
22	0.307966
23	0.34314
24	0.423821
25	0.37206
26	0.378188
27	0.53028
28	0.410809
29	0.488728
30	0.556307
31	0.451256
32	0.45469
33	0.549506
34	0.473419
35	0.495109
36	0.578148
37	0.585193
38	0.547213
39	0.655339
================== Frontier ==================
9394	103
9464	88
9671	86
9683	84
9952	81
9971	77
10244	69
10307	63
10731	61
10929	60
11070	59
11294	57
11724	56
11855	55
12321	52
12534	51
12939	50
13325	49
13599	48
13845	47
14452	46
14836	45
15443	44
15689	43
15703	42
16023	41
16107	40
17351	39
18655	38
18941	37
19389	36
19728	35
21177	34
21454	31
23066	30
23878	29
24335	28
24937	27
28286	26
30090	25
