Frontier size:	29
Weakly effici:	0
Total time:	965.214
point	 time
0	5.99692
1	13.6796
2	11.4271
3	28.9573
4	15.427
5	10.5118
6	8.75834
7	10.693
8	12
9	5.12623
10	6.87418
11	4.37457
12	34.0994
13	36.1531
14	10.5267
15	15.221
16	24.1615
17	85.2103
18	337.469
19	9.07666
20	19.9394
21	12.9285
22	33.1457
23	72.1814
24	12.6516
25	6.15958
26	5.93242
27	4.11485
28	4.43077
================== Frontier ==================
34958	421
35076	420
35287	419
35590	418
35927	417
36112	416
36237	415
36343.6	414
36616.2	413
36737	412
36913.9	411
37131	410
37386.8	409
37580.8	408
37782	407
38045	406
38262	405
38478	404
38659.3	403
38865.8	402
39121	401
39441.1	400
39747.8	399
39984	398
40118	397
40258	396
40458	395
40940.4	394
41256.6	393
