Frontier size:	23
Weakly effici:	0
Total time:	354.402
point	 time
0	7.79769
1	2.67737
2	1.06456
3	1.42602
4	1.94044
5	2.72044
6	3.8271
7	4.83863
8	2.50404
9	1.51454
10	1.55761
11	1.31106
12	2.03442
13	2.38693
14	1.90474
15	1.97454
16	1.49439
17	2.06373
18	2.18885
19	1.7085
20	2.9826
21	1.8004
22	2.04265
================== Frontier ==================
33089	60
33104	56
33135	52
33227	49
33311	48
33503.5	45
33691.8	43
33872.3	41
34030	40
34253.8	39
34285.3	37
34526.4	36
34568.8	35
34829.1	34
35090.1	33
35142.8	32
35454.5	31
35932	30
36320.6	29
37039.7	28
37780.3	27
38121.9	26
39285.7	25
