Frontier size:	97
Weakly effici:	1
Total time:	1507.34
point	 time
0	7.98452
1	3.3219
2	3.73461
3	3.85697
4	3.3995
5	3.22107
6	2.64249
7	3.01158
8	2.59098
9	2.38513
10	2.26439
11	2.59665
12	2.34084
13	3.81664
14	2.84438
15	1.90021
16	2.8081
17	2.54946
18	2.01438
19	2.82391
20	2.41679
21	2.58226
22	2.393
23	2.807
24	2.40561
25	2.46519
26	2.37767
27	2.07873
28	1.64108
29	1.93072
30	1.72518
31	2.1459
32	7.40905
33	3.84378
34	8.40807
35	7.26887
36	5.59234
37	4.79847
38	3.84953
39	4.74344
40	3.79515
41	3.15315
42	4.31915
43	3.91764
44	5.7483
45	4.68136
46	3.25267
47	2.18468
48	2.03031
49	3.0417
50	3.6887
51	3.38758
52	3.29085
53	3.19797
54	2.66875
55	3.5724
56	3.10349
57	4.88677
58	4.17016
59	3.71391
60	3.56175
61	3.9746
62	3.58806
63	4.10654
64	3.15102
65	8.35633
66	3.42676
67	3.25462
68	5.14877
69	3.75357
70	8.18303
71	8.59248
72	3.67871
73	6.07474
74	5.72687
75	5.56173
76	5.12283
77	3.24218
78	2.66204
79	3.77821
80	7.67087
81	3.91365
82	5.96121
83	5.51026
84	15.4121
85	4.39529
86	4.81349
87	2.78086
88	5.40365
89	6.93438
90	6.15155
91	5.68018
92	3.98545
93	6.70554
94	5.44334
95	6.47791
96	5.64983
97	8.03389
================== Frontier ==================
33089	130
33100	115
33112	110
33116	108
33142.7	104
33158.1	103
33161	102
33163	101
33174	99
33175	97
33191	95
33218	94
33245	93
33264	92
33266	90
33307	89
33351	88
33365	87
33421	86
33464	85
33468	83
33474	82
33521	81
33571	80
33582	79
33623	78
33679	77
33683	75
33743	74
33747	72
33749	71
33813	70
33872	69
33880	68
33907.9	67
33933	66
33961	65
33965	63
33983	62
33991	61
34050	60
34105	59
34163	58
34191	57
34232.5	56
34278.7	55
34282.7	53
34324.7	51
34331.7	50
34429.7	49
34440.7	48
34466.3	47
34472.7	46
34506.7	45
34593.7	44
34614.3	43
34642.3	42
34663.5	41
34665.5	40
34665.5	39
34722.1	38
34769.3	37
34789	36
34851	34
34888	33
34957.7	32
34980.7	31
34998.2	30
35062	29
35134.6	28
35230.2	27
35317	26
35339	25
35428.1	24
35469.4	23
35477	22
35504.6	21
35506.4	20
35508.4	19
35633.4	18
35771.4	17
35908	16
35992.4	15
36040.8	14
36120.9	13
36232	12
36250	11
36279.5	10
36557.4	9
36850.9	8
36902.9	7
36936.9	6
36947.9	5
37133.8	4
37576	3
37820.5	2
37911.5	1
38150	0
