Frontier size:	35
Weakly effici:	0
Total time:	629.577
point	 time
0	8.2666
1	5.10225
2	5.02457
3	5.46685
4	5.63859
5	6.38449
6	3.61672
7	5.93652
8	5.76633
9	4.32983
10	5.28708
11	6.55119
12	5.11964
13	5.32239
14	6.11462
15	6.54819
16	6.52093
17	4.34874
18	9.24343
19	6.91722
20	7.04651
21	6.60843
22	6.08365
23	7.24952
24	8.07353
25	4.57354
26	6.01322
27	48.0062
28	95.053
29	101.006
30	8.39845
31	11.7025
32	10.3075
33	10.4833
34	32.895
================== Frontier ==================
33089	443
33243	442
33433	441
33620	440
33793	439
34058	438
34201.9	437
34458.6	436
34711	435
34909	434
35068	433
35424.4	432
35622.7	431
35777	430
36144.2	429
36427.9	428
36578.7	427
36834.7	426
37071.8	425
37225.1	424
37416	423
37648	422
37878.7	421
38154	420
38458.5	419
38690	418
39055.3	417
39430.5	416
39668	415
39871	414
40114.4	413
40532	412
40609	411
40862	410
41150.2	409
