Frontier size:	26
Weakly effici:	0
Total time:	387.04
point	 time
0	3.50569
1	1.00985
2	1.21012
3	1.25341
4	1.73287
5	1.88768
6	1.73718
7	1.75626
8	1.60279
9	1.4237
10	0.97244
11	4.5144
12	6.3733
13	3.967
14	1.13842
15	1.82106
16	1.50276
17	2.96464
18	2.68743
19	2.82974
20	2.73513
21	1.09863
22	2.04609
23	1.58336
24	1.7689
25	1.35367
================== Frontier ==================
31352	69
31379	64
31438.5	50
31546.5	49
31579.5	48
31601.8	47
31619.5	46
31761.2	45
31892.4	44
32093	43
32113.3	41
32406.2	40
32517.1	39
32523.1	38
32541.6	37
32677.5	36
32963.6	35
33168.9	34
33659.8	33
34266.7	32
34762.1	31
34913.8	30
35470.9	29
35777.8	28
36284	27
37118.8	26
