Frontier size:	68
Weakly effici:	2
Total time:	1085.65
point	 time
0	3.48528
1	1.56253
2	2.26057
3	1.63015
4	1.60113
5	1.63568
6	1.60511
7	1.52835
8	1.57748
9	1.54245
10	1.46769
11	1.38941
12	1.16332
13	1.53838
14	1.34052
15	1.23404
16	1.31772
17	1.5057
18	1.41536
19	1.48177
20	1.23547
21	0.836096
22	0.840063
23	0.852357
24	0.880058
25	0.859949
26	0.921635
27	1.02092
28	1.093
29	2.85708
30	2.01376
31	2.82537
32	5.24769
33	2.01989
34	2.37496
35	2.64387
36	23.4761
37	23.1833
38	12.7254
39	6.30417
40	3.116
41	3.29192
42	2.50791
43	3.39937
44	3.03155
45	3.08941
46	3.4663
47	2.43276
48	4.25823
49	8.23711
50	5.95543
51	3.68065
52	3.91704
53	11.5015
54	17.4268
55	5.87109
56	3.73625
57	3.46531
58	6.42876
59	4.34011
60	6.49824
61	5.89818
62	4.78162
63	3.52857
64	4.00581
65	7.17754
66	5.24979
67	5.50623
68	3.41182
69	4.65612
================== Frontier ==================
31352	104
31352	103
31380	92
31422.3	88
31446.5	86
31447.8	85
31473.6	82
31492.6	79
31548.6	77
31556.6	76
31575.6	75
31575.6	74
31578.6	72
31614.4	71
31616.1	70
31617.1	68
31633.1	67
31634.1	66
31680.2	65
31712.2	64
31754.2	63
31767.2	62
31781.2	61
31849.2	60
31891	59
31899	58
31918	57
31980.3	56
31984.3	55
32157.6	54
32203.6	53
32269.1	52
32339.1	51
32343.1	50
32383.1	49
32405.1	48
32519	47
32534.1	46
32547.1	45
32622.1	44
32657.1	43
32780.5	42
32834.6	41
32894.8	39
32925.3	38
32982.2	37
33119.3	36
33133.3	35
33349.3	34
33556.2	33
33575.3	32
33613	31
33704.2	30
33912.7	29
33954.3	28
34025	27
34067.8	26
34247	25
34480.6	24
34486	23
34611	22
34670.1	21
34709.2	20
34749.5	19
34903.6	18
35103	17
35143.6	16
35291.6	15
35371.5	14
35536.3	13
