Frontier size:	36
Weakly effici:	0
Total time:	379.731
point	 time
0	3.26286
1	2.06162
2	3.59515
3	4.5984
4	3.64906
5	4.18081
6	3.41132
7	1.74053
8	3.83305
9	4.25305
10	4.71919
11	4.86775
12	5.18788
13	6.59301
14	9.34429
15	9.53413
16	6.04765
17	6.03728
18	2.8549
19	3.64177
20	2.09996
21	2.68426
22	7.0588
23	9.9926
24	2.22249
25	3.3989
26	5.08622
27	4.06587
28	7.34794
29	5.1235
30	11.1521
31	13.374
32	12.301
33	24.5903
34	5.89323
35	14.191
================== Frontier ==================
31352	434
31496	433
31750.1	432
31990	431
32128.1	430
32321.2	429
32536.2	428
32685.4	427
32935.8	426
33167	425
33409	424
33763.6	423
33977.1	422
34217	421
34534	420
34761.3	419
34929.4	418
35107.6	417
35263.9	416
35486.5	415
35681.7	414
35869.5	413
36123.9	412
36388.9	411
36579.1	410
36711.5	409
36980.9	408
37245.8	407
37410.1	406
37787.4	405
37965.9	404
38187	403
38423.5	402
38692.5	401
39005	400
39397	399
