Frontier size:	92
Weakly effici:	1
Total time:	1543.17
point	 time
0	11.222
1	3.04585
2	2.9808
3	1.94089
4	1.90853
5	1.68284
6	3.95047
7	2.01101
8	2.8439
9	2.50718
10	2.06703
11	2.20603
12	2.06629
13	2.51212
14	1.91695
15	3.257
16	2.8756
17	2.9976
18	3.15084
19	5.30038
20	4.02971
21	3.05147
22	3.10325
23	2.63995
24	3.04556
25	2.75334
26	3.1007
27	2.85761
28	2.90637
29	3.63301
30	4.01121
31	4.38394
32	3.37713
33	2.89457
34	2.44599
35	3.06215
36	3.5792
37	3.16639
38	4.92479
39	3.57095
40	8.84191
41	10.6808
42	26.4028
43	5.3597
44	13.1591
45	10.522
46	2.40864
47	4.46368
48	3.87555
49	3.16425
50	3.34851
51	2.59985
52	2.97248
53	2.70321
54	3.91312
55	3.22608
56	4.5127
57	7.32359
58	6.26925
59	3.1008
60	2.8042
61	2.91765
62	11.0542
63	5.96853
64	3.94422
65	6.29071
66	4.83677
67	3.439
68	4.43174
69	2.79368
70	3.64123
71	2.94899
72	4.07309
73	2.88912
74	4.60542
75	3.48651
76	2.74934
77	4.12869
78	3.64158
79	3.40155
80	35.4799
81	16.8581
82	12.3175
83	9.03332
84	5.62392
85	4.01427
86	3.45195
87	5.53803
88	5.64426
89	7.5492
90	8.51405
91	6.62817
92	6.39222
================== Frontier ==================
34361	110
34363	109
34373	105
34384	104
34385	98
34399	97
34439	96
34443	95
34467	94
34497	93
34506	92
34507	91
34534	90
34549	89
34557	87
34598.4	86
34623.4	85
34627.4	84
34675.2	83
34769.2	81
34793.2	80
34820.2	78
34869.2	77
34890	76
34939	75
34939	74
34964	73
35014	72
35057.5	70
35089	69
35134	67
35151	66
35170	65
35182	63
35195	61
35236	60
35258	59
35272	58
35279	57
35307.4	56
35374	55
35400.3	54
35410	53
35417	52
35476.6	51
35499.4	50
35516	48
35633.4	47
35652.4	46
35729	45
35778	44
35786	43
35831	42
35841	41
35960	40
36011	39
36063.6	38
36117.6	37
36243.7	35
36249	34
36259	33
36276	32
36354	31
36447.4	30
36462.4	29
36511.4	28
36607	27
36629.6	26
36704.6	25
36728.6	24
36800.6	23
36804.6	22
36879.6	21
36883.8	20
36947.8	19
36986.7	18
37045.7	17
37179	15
37221.9	14
37223.9	13
37438.5	12
37453.9	11
37470.9	10
37914.1	9
37988	8
38111.3	7
38148.2	6
38182.8	5
38470	4
38521.7	3
38699.6	2
38774.1	1
38928.9	0
