Frontier size:	42
Weakly effici:	0
Total time:	529.834
point	 time
0	11.311
1	20.5237
2	22.4488
3	34.8394
4	7.65943
5	10.746
6	14.7399
7	16.5359
8	6.93983
9	11.9098
10	5.02794
11	4.90959
12	8.53934
13	3.88626
14	2.92823
15	3.46439
16	3.76075
17	3.63328
18	3.1033
19	2.9645
20	5.11055
21	4.29563
22	7.78439
23	6.35223
24	3.31967
25	3.74317
26	3.26741
27	2.16834
28	2.3573
29	2.26558
30	5.60943
31	4.73685
32	2.52182
33	2.32629
34	2.91854
35	5.05707
36	9.11797
37	11.7095
38	6.82027
39	11.7053
40	15.6583
41	12.7255
================== Frontier ==================
34361	435
34566.4	434
34755	433
34970.8	432
35195	431
35403.3	430
35597.4	429
35751	428
35923.8	427
36173.7	426
36336.5	425
36462.8	424
36834.9	423
37049	422
37201	421
37422.2	420
37692.1	419
37853.3	418
38049	417
38282	416
38496	415
38712.8	414
39010	413
39222	412
39370	411
39597	410
39829	409
39995	408
40182	407
40357	406
40615	405
40829	404
41038	403
41269	402
41573	401
41765	400
42156	399
42392.4	398
42766	397
43153	396
43583.2	395
43902	394
