Frontier size:	25
Weakly effici:	0
Total time:	343.371
point	 time
0	4.73968
1	1.98958
2	1.92342
3	1.92309
4	1.15571
5	1.8464
6	1.88498
7	1.40727
8	1.23108
9	2.26814
10	3.15555
11	2.18666
12	1.7661
13	1.77175
14	1.94672
15	1.42882
16	1.90888
17	1.67215
18	1.2271
19	1.30822
20	1.61901
21	1.49566
22	1.36006
23	1.72641
24	16.4194
================== Frontier ==================
33755.7	78
33807	72
33835	70
33846	61
33847.2	60
33859.7	59
34035.8	57
34040.8	56
34102	55
34167	54
34217	53
34234	52
34236	50
34255.5	49
34306	48
34310	47
34326	45
34395	44
34407	43
34410	42
34471	41
34532.2	40
34721	39
34821.4	38
35154	37
