Frontier size:	38
Weakly effici:	0
Total time:	416.3
point	 time
0	4.63886
1	6.40655
2	4.33119
3	3.28384
4	3.29748
5	6.1502
6	10.7999
7	11.5136
8	6.20381
9	5.15399
10	4.94726
11	3.99891
12	6.30328
13	4.33552
14	4.09395
15	6.57113
16	8.47362
17	3.85747
18	6.96648
19	4.46688
20	3.82834
21	3.21483
22	4.58164
23	5.15711
24	3.44316
25	2.83906
26	2.38515
27	4.25128
28	4.73355
29	3.87038
30	7.45201
31	5.64515
32	5.06619
33	6.99349
34	6.17899
35	12.2227
36	23.3788
37	12.2298
================== Frontier ==================
33755.7	448
34024.6	447
34252	446
34454.1	445
34700.6	444
34964.6	443
35215.7	442
35349	441
35524.5	440
35685	439
35891.7	438
36070.3	437
36350.5	436
36597.5	435
36694.7	434
36923.4	433
37130.2	432
37322	431
37543	430
37765.6	429
37890.6	428
38088.2	427
38441	426
38590	425
38821.2	424
38935.6	423
39119.6	422
39451	421
39808.2	420
40007.9	419
40360.1	418
40460	417
40647.3	416
40850.2	415
41200	414
41701.9	413
41943.5	412
42166.6	411
