Frontier size:	27
Weakly effici:	1
Total time:	457.28
point	 time
0	1.86917
1	1.20391
2	1.1798
3	1.04907
4	1.13475
5	1.11419
6	1.11896
7	1.10134
8	1.13623
9	1.14123
10	1.21295
11	1.15784
12	1.12677
13	1.16794
14	1.09439
15	1.10189
16	1.07536
17	1.55434
18	1.63646
19	1.43516
20	1.44882
21	1.54472
22	1.46366
23	1.49355
24	1.54801
25	1.52566
26	1.74849
27	1.86995
================== Frontier ==================
62423.9	102
62428.2	90
62445	87
62450	85
62493	84
62523.6	82
62543.6	80
62595.6	79
62608.1	78
62632.3	76
62675.1	75
62678.1	74
62683.8	73
62705	72
62747.3	71
62747.3	69
62796	68
62902.2	67
62943	66
62944	65
63011.6	64
63021.6	63
63060.7	62
63108.7	61
63163.9	60
63260.9	59
63284.9	58
63298.4	57
