Frontier size:	35
Weakly effici:	0
Total time:	359.605
point	 time
0	1.84133
1	4.78527
2	4.40425
3	4.86807
4	3.4064
5	3.32495
6	3.18567
7	4.65651
8	6.20337
9	3.38104
10	4.00476
11	3.84401
12	3.81352
13	3.91244
14	2.95597
15	3.60695
16	2.69853
17	3.13153
18	2.86163
19	4.10314
20	2.91335
21	3.80542
22	3.20907
23	3.44176
24	2.49694
25	2.32972
26	2.65663
27	3.99862
28	5.20529
29	2.62983
30	3.92002
31	4.61423
32	3.19993
33	5.00369
34	2.34963
================== Frontier ==================
62423.9	419
62922.7	418
63247.5	417
63602.9	416
64189.6	415
64710.3	414
65347.6	413
65871.4	412
66400.8	411
66946.7	410
67375.3	409
67843.2	408
68226.3	407
68907.4	406
69516.4	405
70227	404
70641.8	403
71092.4	402
71471.3	401
72124.7	400
72699	399
73275.5	398
73861.6	397
74271.9	396
74640	395
75129.3	394
75665.6	393
76142.4	392
76652.2	391
77110.6	390
77697.8	389
78512.3	388
78927.8	387
79450.6	386
80254.2	385
