Frontier size:	61
Weakly effici:	1
Total time:	1078.56
point	 time
0	2.62235
1	1.6943
2	1.77278
3	1.63694
4	1.68619
5	1.75196
6	1.75567
7	1.82967
8	1.66896
9	1.57111
10	1.63555
11	1.5392
12	1.58412
13	1.55317
14	1.76261
15	1.6787
16	1.62779
17	1.70441
18	1.62378
19	1.49542
20	1.50355
21	1.62306
22	1.58866
23	1.52658
24	1.54027
25	1.43495
26	1.61198
27	1.46788
28	1.58057
29	1.60043
30	1.67396
31	1.63856
32	1.53203
33	1.54148
34	1.57883
35	1.59596
36	1.58129
37	1.93085
38	1.92536
39	2.00464
40	1.83818
41	2.14376
42	1.72141
43	1.86525
44	1.66733
45	1.76566
46	1.77884
47	1.65858
48	1.69691
49	1.91768
50	1.73244
51	1.94395
52	1.88247
53	1.77104
54	2.07299
55	1.91653
56	1.69764
57	2.06382
58	1.83155
59	1.77858
60	1.86021
61	1.95679
================== Frontier ==================
61273.7	115
61304.2	114
61318.7	109
61318.7	108
61323.7	107
61333.7	105
61346.7	101
61348.7	100
61353.3	95
61363.3	94
61374.3	91
61388.2	90
61393.8	89
61396.8	88
61398.8	87
61415.8	86
61428.8	85
61491	84
61500.1	83
61520	82
61556.8	81
61579.7	80
61598.3	79
61628.3	78
61693.3	77
61707.3	76
61732.3	75
61746.8	74
61808.1	73
61817	72
61906.5	71
61941.9	70
61970.9	69
62008.9	68
62033.3	67
62036.9	66
62093.7	65
62145.5	64
62281	63
62324.5	62
62400.5	61
62439.7	60
62456.1	59
62522.4	58
62559	57
62603	56
62622	55
62654.7	54
62737.8	53
62753.1	52
62774.1	51
62884.8	50
62910.8	49
62917.8	48
62967.6	47
63136.4	46
63197	45
63597.8	44
63663	43
63715.2	42
63719.2	41
63928.9	40
