Frontier size:	28
Weakly effici:	0
Total time:	225.392
point	 time
0	2.62922
1	1.94713
2	2.13703
3	2.15189
4	2.53461
5	3.49917
6	3.22486
7	4.24206
8	2.53697
9	2.89583
10	4.46469
11	3.41817
12	3.03894
13	3.4084
14	2.64113
15	2.82706
16	1.89928
17	2.38459
18	1.73714
19	1.45704
20	1.44092
21	0.937385
22	1.62289
23	2.5016
24	1.82196
25	2.21849
26	2.25466
27	2.46421
================== Frontier ==================
61273.7	425
61857	424
62293.7	423
62851.8	422
63449.1	421
64021.5	420
64593.9	419
65256.5	418
65786.5	417
66220.3	416
66647.7	415
67276.6	414
67686.3	413
68210.4	412
68723.5	411
69264	410
69894.1	409
70410.8	408
70781.5	407
71213	406
71804	405
72212.9	404
72917	403
73398	402
73832.3	401
74323.6	400
74699.9	399
75616.8	398
