Frontier size:	66
Weakly effici:	0
Total time:	1209.28
point	 time
0	2.00393
1	1.17796
2	1.15245
3	1.16548
4	1.06627
5	1.15613
6	1.11642
7	1.08971
8	1.06332
9	0.950567
10	0.987631
11	1.1564
12	1.0988
13	0.951501
14	0.979174
15	1.1222
16	1.14322
17	1.20227
18	1.2277
19	1.29215
20	1.17692
21	1.22271
22	1.16496
23	1.24856
24	1.19574
25	1.68206
26	1.64937
27	1.45126
28	1.44276
29	1.39579
30	1.27732
31	1.52275
32	1.82208
33	1.60456
34	1.53513
35	1.98136
36	1.82991
37	1.53318
38	1.71019
39	1.97462
40	1.63178
41	1.5503
42	1.79236
43	1.4039
44	1.5767
45	1.55509
46	1.66054
47	1.8672
48	1.85576
49	1.93005
50	2.11427
51	2.18524
52	2.2938
53	2.41615
54	2.33682
55	2.33696
56	1.90346
57	2.10537
58	2.1536
59	2.14466
60	2.30318
61	1.99706
62	2.20928
63	2.27585
64	1.78295
65	2.47105
================== Frontier ==================
60868.3	106
60892.3	104
60896.8	96
60902.2	95
60908.2	93
60923.6	89
60933.5	86
60937.1	85
61015.3	84
61018.3	83
61027.9	82
61077.1	81
61100.9	80
61131.4	79
61160.6	78
61161.6	76
61179.2	75
61194.2	74
61262.2	73
61289.2	72
61343.5	71
61400.7	70
61408.7	69
61442.6	68
61499.2	67
61598	66
61774.7	65
61856.8	64
61892.2	63
61953.5	62
62012.4	61
62252.9	60
62275.2	59
62293.3	58
62305.2	57
62408.2	56
62449.4	55
62486.8	54
62557.3	53
62582.3	52
62608.5	51
62624.2	50
62754.4	49
62784.3	48
62843.4	47
62924.9	46
62979.5	45
63077.1	44
63099.7	43
63156.7	42
63232.1	41
63284.9	40
63317.7	39
63391.3	38
63395.3	37
63442.8	36
63443.8	35
64001.3	34
64090.3	33
64211.1	32
64455.7	31
64568.7	30
64772.3	29
64817.2	28
64839.2	27
65103.9	26
