Frontier size:	28
Weakly effici:	0
Total time:	233.573
point	 time
0	1.93169
1	3.49088
2	3.40035
3	2.26497
4	4.16005
5	2.49473
6	2.12107
7	1.95926
8	3.35287
9	2.07056
10	2.44098
11	3.21274
12	2.52678
13	1.76357
14	1.81182
15	2.93483
16	2.05257
17	3.05969
18	3.60488
19	3.55661
20	3.08637
21	1.98481
22	2.00404
23	2.777
24	1.84443
25	1.64183
26	2.2506
27	1.26602
================== Frontier ==================
60868.3	459
61371.2	458
61607.6	457
61891.4	456
62377.1	455
63035.1	454
63451.1	453
63900.2	452
64337.2	451
64870.1	450
65472	449
66115.3	448
66586.3	447
67034.4	446
67672.9	445
68171.6	444
68636.2	443
69100.2	442
69556.2	441
70082.4	440
70562.9	439
71136.7	438
71725.4	437
72441.8	436
73076.6	435
73434.3	434
73929	433
74471.3	432
