Frontier size:	42
Weakly effici:	0
Total time:	781.125
point	 time
0	2.47885
1	1.66199
2	1.38116
3	1.30564
4	1.50503
5	1.34426
6	1.43621
7	1.71021
8	1.18584
9	1.39159
10	1.3451
11	1.25741
12	0.950733
13	1.00204
14	1.13393
15	1.12046
16	1.41272
17	1.32332
18	1.12452
19	1.11814
20	1.11375
21	1.10822
22	1.17231
23	1.1241
24	1.05077
25	1.15189
26	1.15551
27	1.21508
28	1.28373
29	1.26513
30	1.18591
31	1.06527
32	1.11791
33	1.08264
34	1.65162
35	2.09891
36	1.32909
37	1.72715
38	1.59247
39	1.69587
40	1.6746
41	1.69679
================== Frontier ==================
65428.8	92
65438.8	90
65440.8	84
65459.9	82
65471.9	80
65476.9	75
65487.9	74
65519.9	73
65538.9	72
65571	71
65580.7	70
65583.5	69
65630.9	68
65656.9	67
65710.9	66
65785.9	65
65871.1	64
66026.7	63
66036.7	62
66043.7	61
66074.7	60
66118.7	59
66134.7	58
66151.7	57
66247.7	56
66313.7	55
66340.7	54
66400.7	53
66439.7	52
66514.7	51
66668.9	50
66807.5	49
66872.5	48
66895.5	46
67123.4	45
67277.8	44
67374.7	43
67648.4	42
67673.4	41
67747.4	40
67884.4	39
67983.4	38
