Frontier size:	34
Weakly effici:	0
Total time:	307.68
point	 time
0	2.73774
1	1.78857
2	1.45822
3	1.75407
4	2.16523
5	2.79566
6	2.22777
7	2.78057
8	3.07932
9	2.77583
10	3.34688
11	3.08341
12	3.28118
13	3.28129
14	2.86579
15	2.90221
16	2.56553
17	3.92592
18	3.51141
19	2.81602
20	2.69438
21	3.65472
22	2.74885
23	2.54255
24	2.54627
25	2.79416
26	2.12007
27	2.49739
28	2.23745
29	2.66742
30	3.19403
31	3.17604
32	2.89572
33	1.67075
================== Frontier ==================
65428.8	446
65820.7	445
66291.4	444
66926.3	443
67356.1	442
67850.2	441
68314.5	440
68855.1	439
69451	438
70026	437
70521.8	436
70988.7	435
71449.4	434
71996.6	433
72457.7	432
73147.6	431
73685.2	430
74296.3	429
74803.7	428
75270.1	427
75725.5	426
76355	425
76840	424
77516.3	423
78022.7	422
78562.1	421
79052.2	420
79569.8	419
80122.3	418
80634.8	417
81275.9	416
81884.6	415
82669.6	414
83552.6	413
