Frontier size:	31
Weakly effici:	0
Total time:	24.1723
point	 time
0	0.118759
1	0.0533175
2	0.0529995
3	0.0641867
4	0.0497702
5	0.0501747
6	0.0692433
7	0.0546842
8	0.054183
9	0.0650848
10	0.0558749
11	0.0662316
12	0.0614106
13	0.054991
14	0.0674948
15	0.056843
16	0.0723913
17	0.0580727
18	0.0758019
19	0.0602496
20	0.0728082
21	0.0702022
22	0.0845415
23	0.0803425
24	0.0901822
25	0.0800556
26	0.0945323
27	0.106783
28	0.103151
29	0.11782
30	0.151811
================== Frontier ==================
6256	96
6586	95
6747	87
6808	83
7053	82
7119	80
7283	79
7494	75
7619	73
8233	72
8510	71
8926	70
8933	68
9033	66
9049	65
9401	63
9509	61
9729	59
9745	56
9987	51
10668	50
11264	49
11605	48
12394	46
13328	45
13453	44
13658	43
14256	42
14829	41
15595	40
15893	39
