Frontier size:	81
Weakly effici:	1
Total time:	98.1888
point	 time
0	0.114994
1	0.073953
2	0.0796272
3	0.120999
4	0.184064
5	0.143444
6	0.119998
7	0.130826
8	0.131389
9	0.131985
10	0.13382
11	0.133955
12	0.124745
13	0.156251
14	0.15012
15	0.125789
16	0.100906
17	0.174362
18	0.10813
19	0.23024
20	0.423376
21	0.616586
22	0.55169
23	0.53745
24	0.400881
25	0.44028
26	1.13223
27	0.570577
28	0.540828
29	0.662246
30	0.580679
31	0.666079
32	0.677054
33	0.475347
34	0.463891
35	0.554785
36	0.576798
37	0.600731
38	1.19189
39	0.928811
40	0.987696
41	1.23082
42	0.825528
43	0.716954
44	1.46896
45	0.733225
46	1.0825
47	1.48635
48	0.896088
49	1.33585
50	1.21954
51	1.08406
52	1.30056
53	0.803019
54	0.598355
55	1.08936
56	0.571919
57	0.691055
58	0.450757
59	0.51683
60	0.652098
61	1.04425
62	0.741661
63	0.545151
64	0.431431
65	0.528987
66	0.447725
67	0.405043
68	0.511007
69	0.392424
70	0.326892
71	0.2973
72	0.269323
73	0.277658
74	0.277988
75	0.281873
76	0.455669
77	0.267156
78	0.524295
79	0.391854
80	0.317278
81	0.33765
================== Frontier ==================
6256	161
6306	159
6577	154
6604	146
6804	141
6809	139
6832	136
6975	128
7028	126
7036	124
7054	123
7103	122
7112	120
7286	117
7288	115
7321	114
7321	113
7405	112
7406	109
7707	108
7971	106
8163	100
8218	97
8266	93
8292	91
8341	90
8543	89
8682	86
8736	85
8749	83
8777	82
8816	81
8825	80
8838	76
8879	75
9100	69
9112	68
9317	67
9861	66
9950	64
9954	63
9957	60
10009	57
10242	55
10537	54
10565	53
10674	48
10939	47
10997	46
11080	45
11094	43
11124	42
11313	39
11334	38
11885	37
12135	36
12258	35
12284	34
12298	32
12802	31
12856	30
13244	29
13304	25
13305	24
13310	23
13541	22
13616	21
13959	19
14146	18
14181	16
14184	15
14216	14
14253	13
14262	11
14272	9
14703	8
15267	7
15591	6
16214	3
16290	2
16348	1
16378	0
