Frontier size:	38
Weakly effici:	0
Total time:	33.0016
point	 time
0	0.121907
1	0.108878
2	0.104703
3	0.100937
4	0.0933462
5	0.159943
6	0.0962739
7	0.0962574
8	0.10149
9	0.116273
10	0.21052
11	0.137182
12	0.131375
13	0.125093
14	0.101371
15	0.100466
16	0.169268
17	0.100028
18	0.100829
19	0.106275
20	0.149417
21	1.00791
22	0.812593
23	1.24299
24	0.366616
25	0.457905
26	1.4553
27	0.950845
28	0.988167
29	0.607055
30	1.99307
31	1.6158
32	2.22777
33	2.55993
34	1.82039
35	1.56686
36	0.326683
37	0.44348
================== Frontier ==================
6256	404
6373	403
6561	402
6713	401
6782	400
6987	399
7111	398
7336	397
7717	396
7791	395
8180	394
8218	393
8278	392
8353	391
8422	390
8498	389
8675	388
8706	387
8800	386
8902	385
9128	384
9455	383
9720	382
9898	381
9936	380
10163	379
10542	378
10640	377
10927	376
11263	375
11632	374
11817	373
12653	372
12955	371
13100	370
13252	368
13359	367
13868	366
