Frontier size:	66
Weakly effici:	2
Total time:	1213.86
point	 time
0	2.92715
1	2.01689
2	1.99556
3	1.99751
4	1.84006
5	1.74784
6	1.77698
7	1.8577
8	1.90807
9	2.01362
10	2.20749
11	1.74919
12	1.76565
13	1.63673
14	1.82992
15	1.61515
16	1.91241
17	1.80843
18	1.76977
19	1.6915
20	1.90688
21	1.83189
22	1.81572
23	1.63086
24	1.62598
25	1.72086
26	1.9152
27	1.89655
28	1.92751
29	1.97881
30	1.85166
31	1.69815
32	1.99233
33	1.98244
34	2.22815
35	1.91608
36	1.97162
37	2.00904
38	1.93535
39	1.76105
40	1.68509
41	1.76567
42	1.5512
43	1.73024
44	1.63305
45	1.7139
46	1.60295
47	1.78619
48	1.77471
49	1.70338
50	1.8555
51	1.85274
52	1.99756
53	1.86121
54	2.07689
55	2.03791
56	2.2261
57	1.54424
58	1.65131
59	1.73674
60	1.58984
61	1.66474
62	1.76612
63	1.58237
64	2.00576
65	2.03181
66	1.97793
67	2.12326
================== Frontier ==================
62628.2	113
62628.2	109
62636.5	105
62650.7	104
62660.7	99
62661.7	97
62665.9	96
62682.3	95
62700.3	93
62716.1	92
62750	89
62778.8	88
62788.8	87
62843.8	86
62913.8	84
62925.2	83
62930	82
62983.5	81
62994.2	80
63022	79
63043	78
63054	77
63058.3	76
63081.2	75
63115.7	74
63130.7	73
63163.7	72
63263.2	71
63272.2	70
63303.4	69
63322.2	68
63385.4	67
63440.3	66
63457.4	65
63475.9	64
63493.7	63
63512.7	62
63522.7	61
63522.7	60
63573.6	59
63590.6	58
63905.4	57
63947.6	56
63987.6	54
64152.4	53
64202.6	52
64244.6	51
64283	50
64302	49
64317	48
64335	47
64384.3	46
64435.7	45
64505.7	44
64578.3	43
64624.5	42
64654.5	41
64798.3	40
64832.2	39
64880.9	38
64920.9	37
64955.2	36
65109.9	35
65185.1	34
65428.4	33
65449.7	32
65579.8	31
65676.9	30
