Frontier size:	34
Weakly effici:	0
Total time:	310.896
point	 time
0	2.93917
1	3.00323
2	4.23992
3	3.01341
4	2.79344
5	2.59
6	2.73005
7	2.92729
8	2.63093
9	2.33202
10	1.83128
11	2.06459
12	1.44148
13	1.53721
14	2.13027
15	2.02182
16	1.758
17	1.69852
18	1.52861
19	1.93051
20	3.24375
21	3.28697
22	4.56539
23	2.5382
24	2.11569
25	1.87758
26	1.52632
27	1.2924
28	1.34374
29	2.99579
30	5.28382
31	2.44724
32	1.73918
33	1.13766
================== Frontier ==================
62628.2	428
62964.1	427
63432.5	426
63911.7	425
64188	424
64835.5	423
65303.2	422
65752.3	421
66304.7	420
66827.2	419
67409.6	418
67913.4	417
68559.9	416
68942	415
69450.3	414
70182.1	413
70704.7	412
71233.1	411
71644.8	410
72135.9	409
72658.5	408
73222.5	407
74172.6	406
74680.3	405
75226.8	404
75767	403
76239	402
76792.5	401
77398.1	400
78013.5	399
78584.2	398
79147.8	397
79881.8	396
80268.3	395
