Frontier size:	50
Weakly effici:	0
Total time:	984.599
point	 time
0	3.73874
1	2.1458
2	2.2057
3	1.89901
4	1.91683
5	2.17513
6	2.25924
7	3.11348
8	2.74776
9	3.67817
10	3.89078
11	5.58687
12	4.35619
13	4.76184
14	4.62144
15	3.19818
16	6.40097
17	4.27183
18	2.80688
19	3.01102
20	2.71945
21	3.19024
22	3.96983
23	3.2022
24	3.32906
25	3.57867
26	3.83485
27	4.05643
28	4.09492
29	3.09974
30	3.67966
31	4.55995
32	4.65167
33	4.40603
34	5.68353
35	4.98552
36	7.0376
37	5.1349
38	6.43043
39	11.5655
40	6.3035
41	4.84881
42	4.62754
43	4.25756
44	4.54248
45	6.93759
46	6.28916
47	5.46182
48	7.6956
49	4.15901
================== Frontier ==================
40608	106
40624	102
40626	100
40629	99
40645	98
40649	95
40672	94
40700	92
40738	90
40761.2	89
40796.2	88
40823	87
40845	86
40934	85
41001	84
41098	83
41225	82
41242	81
41304	79
41380	78
41419	77
41514	76
41603	75
41621	74
41679	73
41713	72
41778	71
41840	70
41844	69
41916	68
41960	67
42094.8	66
42106.8	65
42152	64
42209.2	63
42259.2	62
42323	61
42376	60
42411	59
42571	58
42615	57
42670	56
42731	55
42752	54
42887	53
42910.9	52
42928	51
42993	50
43046	49
43335	48
