Frontier size:	31
Weakly effici:	0
Total time:	621.067
point	 time
0	4.4558
1	4.78714
2	6.15157
3	9.2049
4	9.94035
5	12.2861
6	17.3297
7	11.3704
8	21.2524
9	36.789
10	11.402
11	25.2086
12	14.456
13	9.36315
14	15.1091
15	15.6419
16	8.01512
17	6.49423
18	11.364
19	10.8402
20	10.3855
21	17.7569
22	32.92
23	13.6397
24	22.9278
25	14.2806
26	13.1175
27	6.51873
28	11.6636
29	8.57889
30	20.2296
================== Frontier ==================
40608	442
41133	441
41762	440
42284	439
42888	438
43460	437
44047	436
44725.3	435
45361	434
46025	433
46554	432
47064	431
47544.4	430
47925	429
48437	428
49190.9	427
49687.1	426
50057.8	425
50830.4	424
51849.1	423
52463.4	422
53122.5	421
53493	420
54040.7	419
54656	418
55174.6	417
55676	416
56109	415
56629	414
57232	413
57986.4	412
