Frontier size:	92
Weakly effici:	0
Total time:	2117.32
point	 time
0	6.07985
1	3.21248
2	3.25724
3	3.23023
4	2.93782
5	2.99836
6	2.93451
7	3.96842
8	3.81822
9	3.25084
10	3.51756
11	3.66494
12	3.43523
13	3.65108
14	3.60245
15	3.6911
16	4.05836
17	3.34222
18	4.26687
19	3.46558
20	3.84045
21	4.22106
22	4.46128
23	3.60855
24	3.93794
25	6.6024
26	7.05581
27	7.35836
28	6.74739
29	8.2381
30	7.9603
31	3.23056
32	3.26168
33	6.45153
34	6.00533
35	5.96944
36	7.31842
37	4.00963
38	3.21604
39	4.08429
40	10.1119
41	4.49846
42	6.30573
43	6.5694
44	6.61827
45	4.80122
46	5.94178
47	4.767
48	6.0847
49	4.47311
50	3.42735
51	7.77896
52	11.651
53	7.74621
54	5.91397
55	4.73359
56	4.67058
57	5.3541
58	5.19103
59	5.84645
60	4.66248
61	6.42213
62	5.94466
63	5.69807
64	7.10044
65	5.43761
66	9.55296
67	8.03869
68	8.0801
69	11.7292
70	9.25225
71	5.91036
72	6.32953
73	6.11627
74	11.7851
75	11.6804
76	9.85356
77	9.31974
78	11.4973
79	12.3439
80	17.624
81	7.80358
82	8.23351
83	9.66587
84	17.1517
85	19.2976
86	17.8214
87	9.18911
88	9.80235
89	10.4657
90	11.8928
91	8.0908
================== Frontier ==================
42037.4	119
42043.4	117
42055.4	115
42063.4	111
42071.4	110
42075.4	109
42128.4	108
42149.6	106
42151.6	105
42168.6	104
42196.6	103
42229.6	102
42245.6	101
42250.6	100
42294.6	99
42308.6	98
42355	97
42367	96
42375	95
42386	94
42419	93
42447	92
42505.1	91
42541	90
42554	89
42671	88
42690.2	86
42732	85
42743	84
42798.2	83
42845	82
42866	81
42901	80
42987	79
43003	78
43022	77
43040	76
43046	75
43118	74
43271	73
43424	72
43459	71
43575	70
43640	69
43786	68
43805	67
43812	66
43825	65
43899	64
43986	63
44072	61
44225.4	60
44271	59
44291	58
44352	57
44441	56
44493	55
44623	54
44654	53
44711	52
44773	51
44911	50
45100	49
45304	48
45447	47
45467	46
45547	45
45618	44
45655	43
45678	42
45694	41
45720	40
45728	39
45901	38
46081	37
46131	36
46197.7	35
46307.2	34
46567.2	33
46748	32
46862.4	31
47003.5	30
47152.6	29
47261	28
47447.6	27
47571.1	26
47747.7	25
47788.9	24
47949.6	23
48006	22
48268.6	21
48422.2	20
