Frontier size:	27
Weakly effici:	0
Total time:	630.399
point	 time
0	6.01778
1	9.89088
2	24.8536
3	15.9397
4	9.76692
5	10.7141
6	12.1686
7	13.8388
8	14.8875
9	36.1539
10	25.3128
11	20.1786
12	18.4031
13	16.7409
14	31.2781
15	17.0998
16	31.5164
17	20.098
18	13.5731
19	25.961
20	20.2261
21	12.1517
22	22.7508
23	17.2648
24	15.1359
25	17.2816
26	12.5477
================== Frontier ==================
42037.4	429
42553	428
43236.5	427
43808	426
44352	425
44944.2	424
45485	423
45952	422
46539	421
47112	420
47698	419
48220	418
48784	417
49137	416
49931	415
50538	414
51074	413
51486	412
51949	411
52630	410
53269	409
53850	408
54559	407
54870	406
55364	405
55927	404
56529	403
