Frontier size:	56
Weakly effici:	0
Total time:	1243.5
point	 time
0	26.1198
1	7.37107
2	8.57445
3	10.6263
4	6.1315
5	5.18769
6	6.33464
7	8.06773
8	5.73913
9	5.51716
10	5.24955
11	5.29708
12	6.78412
13	6.77075
14	4.90378
15	8.02533
16	7.91379
17	6.67662
18	4.51375
19	4.60693
20	5.09541
21	5.34336
22	4.9239
23	5.79788
24	4.91927
25	5.26106
26	4.67948
27	9.32172
28	4.73802
29	3.04325
30	4.28291
31	4.24203
32	4.08239
33	7.1885
34	6.39847
35	8.1318
36	4.92248
37	5.00497
38	5.01918
39	3.98792
40	4.10664
41	4.57555
42	4.29107
43	5.6486
44	4.80467
45	6.80321
46	7.14658
47	4.9028
48	9.13059
49	9.62066
50	5.65506
51	6.99964
52	8.48762
53	7.84619
54	8.93163
55	6.26101
================== Frontier ==================
40359	119
40367	117
40370	108
40376.5	104
40387.6	100
40390.2	97
40413.2	96
40439.8	93
40449.3	91
40453.3	90
40480.6	88
40554.8	87
40619.9	86
40635.9	84
40689.9	82
40770.9	81
40836.3	80
40857.6	79
40873.6	78
40885.1	77
40905.1	76
40954.8	75
40992.8	74
41027.8	73
41051.2	72
41103.6	71
41178.7	70
41241.9	69
41250.2	68
41304.3	67
41374.4	66
41451.2	65
41513.6	64
41555.2	63
41641.5	62
41732.3	61
41772.3	60
41859.3	59
41947.9	58
41953.9	57
42003.1	56
42029.2	55
42031.4	54
42176.7	53
42270.8	52
42424.6	51
42542.1	50
42562.3	49
42688.4	48
42942.4	47
42975.1	46
43081.3	45
43168	44
43312.3	43
43489.2	42
43586.9	41
