Frontier size:	34
Weakly effici:	0
Total time:	880.668
point	 time
0	26.1775
1	28.0909
2	40.7829
3	31.0441
4	13.7505
5	12.6179
6	28.8969
7	39.1445
8	23.8015
9	21.7265
10	25.5818
11	14.485
12	12.1772
13	11.622
14	44.3529
15	17.194
16	22.3404
17	9.55047
18	13.6862
19	8.28017
20	20.7672
21	17.3556
22	8.69185
23	15.0868
24	17.1183
25	14.6493
26	16.7347
27	14.5257
28	14.0528
29	22.1726
30	10.373
31	14.5171
32	10.7697
33	13.731
================== Frontier ==================
40359	466
40799.1	465
41410.4	464
41749.8	463
42238.5	462
42913.6	461
43518.9	460
43989.2	459
44590.1	458
45299.8	457
45687.5	456
46086	455
46656.6	454
47107.7	453
47628.9	452
48110	451
48684.8	450
49085.2	449
49610.4	448
50233.9	447
50930.9	446
51438.9	445
52034	444
52511.8	443
52919.8	442
53631.8	441
54345.8	440
55195	439
55660.1	438
56690.1	437
57168.3	436
57550.2	435
58093.8	434
58864.7	433
