Frontier size:	71
Weakly effici:	1
Total time:	1752.48
point	 time
0	5.8319
1	4.18136
2	4.17022
3	4.07019
4	3.93617
5	3.71609
6	9.41828
7	4.88537
8	4.67193
9	5.50231
10	5.14325
11	5.50803
12	4.11832
13	4.0046
14	4.789
15	4.90493
16	5.17504
17	5.04863
18	2.95763
19	3.05599
20	4.96211
21	4.32984
22	5.17021
23	3.98813
24	3.34869
25	4.80355
26	4.03408
27	7.53503
28	7.53702
29	6.12005
30	11.9084
31	6.22972
32	4.95921
33	5.76932
34	7.18343
35	12.1181
36	10.9666
37	6.08262
38	12.9312
39	5.51755
40	5.15398
41	9.81282
42	6.56342
43	4.75291
44	8.74969
45	6.87881
46	6.01044
47	5.65565
48	5.34085
49	13.1276
50	14.3706
51	13.9367
52	11.2287
53	10.2759
54	15.3744
55	13.4886
56	13.3499
57	16.9714
58	9.08331
59	15.8385
60	9.25364
61	13.445
62	12.1463
63	8.4698
64	11.8442
65	10.7305
66	12.6041
67	7.78715
68	5.34574
69	6.54933
70	4.04748
71	6.63632
================== Frontier ==================
40158.1	110
40211.1	103
40211.1	102
40242.1	98
40254.1	93
40275.1	92
40461.6	89
40474.6	88
40499.6	87
40559.6	85
40570.1	84
40678	83
40698	82
40704	81
40714.1	79
40721.4	78
40763.7	77
40804.7	76
40856.7	75
40867.7	74
40951.7	73
40956.7	72
41025	71
41039	70
41094	69
41132	68
41256.6	67
41433.6	66
41503.9	65
41589.2	64
41726.6	63
41780.2	62
41789.2	61
41825.2	60
41996.8	59
42151.7	58
42181.6	57
42277.6	56
42348.8	55
42420.8	54
42457.8	53
42666.2	52
42779.4	51
42809.9	50
42991.6	49
43089	48
43132.2	47
43308.1	46
43434.1	45
43724.7	44
43821.6	43
43893.2	42
44069.7	41
44221.9	40
44333.3	39
44360.7	38
44384.5	37
44530.2	36
44679.1	35
44788.3	34
44880.4	33
45092.4	32
45208.5	31
45295	30
45588.5	29
45667.7	28
45755	27
46115.8	26
46229.8	25
46357	24
46442.7	23
46725.3	22
