Frontier size:	32
Weakly effici:	0
Total time:	697.662
point	 time
0	5.87694
1	8.22231
2	7.61655
3	10.2291
4	8.04638
5	7.49257
6	9.14442
7	18.3211
8	11.9864
9	11.7134
10	14.3331
11	15.7849
12	15.8061
13	12.3055
14	20.2942
15	11.9312
16	16.7262
17	25.3765
18	20.8645
19	15.7893
20	13.5686
21	18.0845
22	15.5286
23	19.3948
24	10.3888
25	18.5944
26	21.3066
27	24.4641
28	22.3828
29	15.2681
30	26.9259
31	15.811
================== Frontier ==================
40158.1	465
40718	464
41404.6	463
41931.6	462
42418.6	461
43143.7	460
43859.9	459
44367	458
44835.2	457
45430.6	456
46089.3	455
46525.6	454
46974.3	453
47433.5	452
48031	451
48689.1	450
49354.6	449
49804.8	448
50276.1	447
50684	446
51281	445
51861.4	444
52427.6	443
52958.4	442
53528.2	441
54094.1	440
54526	439
55220.8	438
55699	437
56428.6	436
57360.8	435
57868.2	434
