Frontier size:	45
Weakly effici:	0
Total time:	951.932
point	 time
0	2.64606
1	1.60588
2	1.66283
3	1.47374
4	1.48701
5	1.47886
6	1.46844
7	1.59494
8	1.62349
9	1.44387
10	1.6043
11	4.2076
12	3.03523
13	4.59838
14	3.79569
15	4.20304
16	4.69363
17	3.89184
18	3.61945
19	3.59067
20	3.79883
21	2.87764
22	3.28947
23	2.34505
24	5.73829
25	3.59024
26	3.73466
27	3.59043
28	5.0835
29	4.57997
30	3.59549
31	3.33785
32	3.65188
33	6.73734
34	3.81356
35	3.80397
36	3.90832
37	6.22206
38	4.38444
39	6.36429
40	5.02971
41	6.66088
42	7.52203
43	7.92994
44	21.612
================== Frontier ==================
38175.8	96
38190.8	93
38191.8	85
38195.8	81
38196.8	80
38213	78
38254.5	77
38262.5	75
38273.5	74
38292	73
38321	72
38452.2	68
38467	67
38600.2	66
38603.5	65
38627.5	64
38697.3	63
38732.3	62
38763.3	61
38789.3	59
38826.1	58
38890.1	57
38993.1	56
39011.4	55
39342.8	54
39529.1	53
39586.1	52
39659.4	51
39933.8	50
40072.3	49
40142.3	48
40170.3	47
40284.5	46
40540.8	45
40657.4	44
40846.4	43
40937.7	42
41140.4	41
41251.3	40
41391.6	39
41561	38
41888.7	37
42036.1	36
42172.5	35
42790.7	34
