Frontier size:	31
Weakly effici:	0
Total time:	649.562
point	 time
0	2.62327
1	2.61646
2	3.87466
3	5.3605
4	6.40961
5	5.77914
6	11.2624
7	10.9292
8	22.4099
9	19.815
10	9.35297
11	18.3431
12	10.8129
13	9.37408
14	9.43293
15	9.03178
16	13.3725
17	14.9548
18	23.0634
19	25.5561
20	17.641
21	15.1241
22	8.0826
23	11.0656
24	15.3593
25	20.5654
26	31.6993
27	22.2153
28	31.3741
29	25.3041
30	21.9144
================== Frontier ==================
38175.8	435
38564.5	434
39218	433
39831.4	432
40374.4	431
40941.9	430
41759.7	429
42284.8	428
42781	427
43377.1	426
43757.2	425
44236.5	424
44824.6	423
45407	422
46063	421
46649	420
47304.8	419
47828.9	418
48447.1	417
48968.7	416
49413.6	415
50003.6	414
50582.8	413
51076.2	412
51887.7	411
52560.3	410
53316.3	409
53932.2	408
55120.2	407
55712.1	406
56279.6	405
