Frontier size:	28
Weakly effici:	0
Total time:	418.62
point	 time
0	0.740528
1	0.862739
2	0.870233
3	0.98265
4	1.65045
5	1.67833
6	1.6723
7	2.50246
8	0.992884
9	2.65292
10	3.45644
11	1.63912
12	1.34721
13	5.07199
14	7.38844
15	19.8445
16	11.5963
17	7.86073
18	10.5235
19	12.6152
20	14.5028
21	20.6167
22	24.787
23	19.2855
24	22.0113
25	18.7251
26	24.4252
27	24.6132
================== Frontier ==================
18718	426
19433	425
19987	424
20450	423
20887	422
21688	421
22134	420
22785	419
23026	418
23874	417
24390	416
24998	415
25563	414
26177	413
26879	412
27773	411
28134	410
28482	409
28984	408
29829	407
30596	406
31048	405
31904	404
32802	403
33390	402
34295	401
35350	400
36256	399
