Frontier size:	40
Weakly effici:	0
Total time:	715.691
point	 time
0	0.670244
1	0.312778
2	0.61794
3	0.30176
4	0.350646
5	0.308638
6	0.369524
7	0.309507
8	0.37523
9	0.339724
10	0.744141
11	0.314586
12	0.401302
13	0.312218
14	0.435767
15	0.504996
16	0.564599
17	0.434987
18	0.485222
19	0.499829
20	0.491563
21	0.617253
22	0.45744
23	0.461132
24	0.555225
25	0.489982
26	0.585059
27	0.507167
28	0.612549
29	0.548852
30	0.648323
31	0.558635
32	0.772138
33	0.640753
34	0.746163
35	0.633382
36	0.639003
37	0.751562
38	0.655711
39	0.774024
================== Frontier ==================
18564	92
18796	90
18854	86
18884	85
18991	82
19059	81
19467	78
19835	74
20037	73
20387	69
20833	67
20953	66
21457	65
21521	64
22293	63
22502	61
22576	60
22653	58
22791	55
23401	54
24018	53
24139	52
25639	51
25950	50
26253	49
26261	47
26747	46
27090	45
27986	44
28680	43
29368	42
29625	41
31590	40
31661	39
33122	38
33561	37
35899	36
37132	35
38247	34
40275	33
