Frontier size:	88
Weakly effici:	0
Total time:	1689.61
point	 time
0	0.648017
1	0.362667
2	0.379844
3	0.355641
4	0.388548
5	0.417538
6	0.385721
7	0.408428
8	0.428522
9	0.395765
10	0.392533
11	0.607777
12	0.612596
13	0.726879
14	0.669583
15	0.734455
16	0.761728
17	1.21288
18	0.844466
19	0.871741
20	0.917506
21	0.900969
22	0.834132
23	0.905366
24	1.57996
25	1.48819
26	1.6153
27	2.11107
28	1.43106
29	0.907214
30	0.893061
31	0.863417
32	0.740553
33	0.874969
34	0.867049
35	0.859185
36	0.876163
37	0.936172
38	1.21395
39	1.05228
40	2.26231
41	1.82943
42	1.04257
43	1.61206
44	3.69445
45	1.78137
46	8.17217
47	7.04428
48	7.07916
49	6.89343
50	11.645
51	7.91342
52	6.22744
53	6.42332
54	4.28648
55	4.20254
56	7.42053
57	6.87586
58	7.35608
59	8.01403
60	13.3166
61	15.9119
62	12.1078
63	12.4974
64	10.837
65	9.11114
66	8.87926
67	8.51804
68	7.93259
69	11.2311
70	13.9079
71	10.2634
72	7.07737
73	12.0255
74	5.77489
75	4.33995
76	3.68581
77	3.80218
78	5.01742
79	7.21726
80	9.05275
81	6.3627
82	5.15507
83	8.08756
84	7.36059
85	6.21584
86	3.917
87	3.88829
================== Frontier ==================
18564	138
18739	134
18742	124
18778	119
18886	118
18928	117
18977	116
18983	115
19000	113
19124	112
19133	111
19300	109
19325	107
19363	106
19366	105
19396	104
19410	102
19733	101
19861	100
19879	99
19922	98
19959	97
20005	96
20044	95
20168	94
20311	93
20329	92
20384	91
20402	90
20426	89
20462	88
20539	87
20577	86
20611	85
20715	84
20762	83
20820	82
20877	81
21198	80
21213	79
21405	78
21595	76
21784	75
22244	74
22573	73
22630	72
23018	71
23019	70
23221	69
23325	68
23885	67
24088	66
24100	65
24139	64
24196	63
24223	62
24591	61
24976	60
25086	59
25126	58
25679	57
26017	56
26097	55
26285	53
26809	52
27032	51
27254	50
27277	49
27803	48
28201	47
28714	46
28794	45
28797	44
29234	43
29255	42
29309	41
29405	40
29437	39
30683	38
31776	37
32351	36
33242	35
33643	34
34160	33
34360	32
34531	31
34569	30
34623	29
