Frontier size:	30
Weakly effici:	0
Total time:	1170.56
point	 time
0	0.718597
1	0.590364
2	0.568667
3	1.17039
4	5.60391
5	4.96843
6	4.82917
7	15.6971
8	19.1483
9	18.6634
10	45.5233
11	55.6443
12	76.4722
13	56.4691
14	29.7846
15	69.243
16	73.0772
17	71.3053
18	47.5049
19	26.4457
20	42.4508
21	62.2399
22	59.3587
23	25.6034
24	18.09
25	28.5112
26	22.4419
27	47.321
28	25.8185
29	38.0378
================== Frontier ==================
18564	444
19381	443
20025	442
20816	441
21975	440
22616	439
23178	438
24035	437
24474	436
25231	435
25932	434
26552	433
27273	432
27821	431
28258	430
28932	429
29593	428
30122	427
30479	426
30862	425
31402	424
32224	423
33023	422
33547	421
34034	420
34829	419
35686	418
37034	417
38128	416
38962	415
