Frontier size:	21
Weakly effici:	0
Total time:	375.841
point	 time
0	0.744868
1	0.32202
2	0.341457
3	0.278247
4	0.297855
5	0.495283
6	0.506026
7	0.588683
8	0.614103
9	0.289514
10	0.620583
11	0.41704
12	0.366933
13	0.498024
14	0.494762
15	0.464212
16	0.614126
17	0.466078
18	0.416588
19	0.562426
20	0.494308
================== Frontier ==================
18866	90
18934	73
19064	71
19455	69
19769	64
20049	63
20502	61
20581	60
21311	58
21495	57
21904	56
21989	55
22766	53
23078	52
23288	51
23574	50
24210	48
25190	47
27220	45
29116	44
29965	43
