Frontier size:	42
Weakly effici:	0
Total time:	768.179
point	 time
0	0.713689
1	0.541578
2	0.830029
3	0.83688
4	0.563921
5	0.595953
6	0.599417
7	0.537443
8	0.408845
9	0.35634
10	0.389919
11	0.330433
12	0.428391
13	0.775387
14	0.798469
15	0.689597
16	0.671205
17	0.456487
18	0.747174
19	0.541251
20	0.531712
21	1.18443
22	1.18457
23	1.25757
24	0.945933
25	0.626956
26	1.24819
27	1.83713
28	3.52025
29	1.81913
30	1.7148
31	1.08005
32	1.73114
33	1.64098
34	1.09008
35	1.07489
36	1.74637
37	2.02972
38	1.45813
39	1.08449
40	0.898377
41	1.23713
================== Frontier ==================
18866	89
18889	85
18984	84
19250	81
19252	80
19264	79
19277	78
19284	77
19306	75
19421	72
19442	70
19506	69
19711	68
20125	67
20207	66
20245	65
20267	64
20405	63
20638	62
20946	61
21116	60
22082	59
22270	58
22880	57
23011	56
23025	55
23545	54
23587	53
24338	52
24405	51
25049	50
25175	49
25910	48
25941	47
26361	46
26753	45
27585	44
29349	43
29639	42
31709	41
32426	40
33522	39
