Frontier size:	31
Weakly effici:	0
Total time:	663.97
point	 time
0	0.664671
1	0.792397
2	1.1652
3	4.5906
4	3.21754
5	9.01947
6	5.5444
7	12.2175
8	8.96484
9	7.35148
10	3.95819
11	2.20332
12	2.28862
13	2.56514
14	7.21207
15	14.3746
16	12.583
17	19.7663
18	14.1091
19	10.1716
20	5.86427
21	9.30184
22	16.3006
23	20.7701
24	23.1799
25	41.2886
26	37.3704
27	66.7118
28	30.2821
29	51.847
30	35.2424
================== Frontier ==================
18866	434
19504	433
20220	432
20968	431
21545	430
22134	429
22558	428
23224	427
23632	426
24385	425
24850	424
25291	423
25879	422
26456	421
27065	420
27854	419
28407	418
29151	417
29535	416
29784	415
30173	414
30952	413
31690	412
33030	411
33908	410
34905	409
35487	408
36590	407
37176	406
38693	405
39204	404
