Frontier size:	32
Weakly effici:	0
Total time:	583.62
point	 time
0	0.681011
1	0.292816
2	0.403248
3	0.295993
4	0.300747
5	0.717949
6	0.328101
7	0.313117
8	0.377201
9	0.343741
10	0.389316
11	0.423127
12	0.352891
13	0.406519
14	0.346864
15	0.425992
16	0.39414
17	0.412755
18	0.505978
19	0.443022
20	0.540033
21	0.461451
22	0.551921
23	0.598712
24	0.486606
25	0.591443
26	0.505394
27	0.520438
28	0.672022
29	0.641358
30	0.566881
31	0.670024
================== Frontier ==================
18286	89
18514	85
18578	78
18599	71
18871	70
18947	66
19015	65
19382	64
19394	63
19797	62
20356	61
20446	60
20697	58
21662	56
21802	55
21805	54
22927	53
23378	52
23494	51
23710	50
23836	49
24083	48
24334	47
24616	46
24863	45
25498	44
26238	43
27305	42
27534	41
29256	40
29797	39
29962	38
