Frontier size:	85
Weakly effici:	0
Total time:	1632.31
point	 time
0	0.665619
1	0.412526
2	0.422062
3	0.421567
4	0.392431
5	0.39949
6	0.400735
7	0.419389
8	0.437594
9	0.43098
10	0.457446
11	0.85013
12	0.822548
13	0.735256
14	0.736312
15	0.700299
16	0.704612
17	0.790798
18	0.771805
19	0.957664
20	0.821247
21	1.21763
22	0.946658
23	0.872067
24	0.974896
25	1.10756
26	1.40308
27	1.05412
28	1.31908
29	1.59495
30	1.58809
31	2.56305
32	2.10446
33	3.04372
34	4.39111
35	2.96153
36	2.75364
37	3.85157
38	3.44739
39	3.37291
40	5.63257
41	5.39182
42	10.0642
43	7.45392
44	12.8981
45	10.9576
46	9.05518
47	9.14238
48	3.60403
49	9.31987
50	7.63096
51	12.3021
52	8.64502
53	6.62753
54	6.46514
55	7.43535
56	6.94896
57	6.99048
58	5.81102
59	8.7443
60	10.4157
61	5.29963
62	4.86308
63	9.15319
64	9.30795
65	5.51387
66	5.88651
67	7.26534
68	6.09064
69	8.3577
70	11.5037
71	6.9516
72	13.2155
73	9.31491
74	8.2306
75	8.82534
76	7.05123
77	6.92981
78	6.96565
79	7.35691
80	5.71221
81	7.6977
82	5.76791
83	7.10996
84	13.1409
================== Frontier ==================
18286	158
18307	138
18349	136
18368	135
18409	124
18442	123
18445	122
18466	121
18483	119
18491	117
18525	115
18660	114
18698	113
18715	110
18778	109
18794	108
18798	107
18820	106
18852	104
18922	103
18990	101
19064	100
19176	98
19278	97
19377	96
19461	95
19472	94
19486	93
19613	92
19702	91
19750	90
19913	89
19919	88
20035	87
20255	86
20338	85
20440	84
20512	83
20617	82
20647	81
20800	80
20912	79
21294	78
21329	77
21585	76
21616	75
21702	74
21730	73
21848	72
22013	71
22125	70
22257	69
22305	68
22421	67
22436	66
22548	65
22673	64
22712	63
22736	62
23249	61
23519	60
23543	59
23613	58
23797	57
23888	56
23908	55
23944	54
24114	53
24226	52
24781	51
25105	50
25424	49
25900	48
25951	47
26027	46
26166	45
26310	44
26622	43
26810	42
27310	41
27543	40
27943	39
28451	38
29158	37
29725	36
