Frontier size:	27
Weakly effici:	0
Total time:	392.924
point	 time
0	0.606301
1	0.621027
2	1.79237
3	1.59061
4	3.54967
5	6.38156
6	11.9065
7	19.76
8	12.4563
9	9.30233
10	10.2777
11	3.95052
12	6.02429
13	7.42765
14	10.629
15	9.50287
16	8.45817
17	17.7216
18	8.2545
19	13.0596
20	13.8522
21	15.5939
22	12.6789
23	15.6953
24	3.2927
25	12.4577
26	9.33085
================== Frontier ==================
18286	476
18767	475
19337	474
19681	473
20548	472
21204	471
22031	470
22757	469
23191	468
23522	467
23862	466
24371	465
24855	464
25542	463
26159	462
26773	461
27235	460
27909	459
28440	458
29067	457
29882	456
30636	455
31144	454
31806	453
32449	452
33522	451
34143	450
