Frontier size:	33
Weakly effici:	0
Total time:	23.9487
point	 time
0	0.124343
1	0.0817152
2	0.0734881
3	0.113647
4	0.0785772
5	0.0724039
6	0.0807042
7	0.0872271
8	0.0683667
9	0.0587012
10	0.0754239
11	0.0637149
12	0.0607346
13	0.0789181
14	0.0714416
15	0.067589
16	0.0771446
17	0.0601977
18	0.0829641
19	0.0696619
20	0.0637701
21	0.0700891
22	0.0597847
23	0.0747979
24	0.0974115
25	0.0776618
26	0.0787087
27	0.0934191
28	0.0788395
29	0.0913661
30	0.0823259
31	0.0994701
32	0.0883232
================== Frontier ==================
5695	148
5751	137
5762	124
5810	118
5889	112
5940	108
5962	93
5990	79
6073	71
6357	70
6808	69
6971	68
6982	66
7111	62
7559	61
7727	60
7809	58
8024	57
8292	56
8381	55
8889	51
9449	50
9495	49
10029	45
10732	44
11400	43
11979	42
12261	40
12377	39
13002	37
13460	36
13831	35
14877	34
