Frontier size:	79
Weakly effici:	0
Total time:	83.925
point	 time
0	0.124545
1	0.210117
2	0.129957
3	0.0897709
4	0.206233
5	0.170615
6	0.171687
7	0.259159
8	0.192909
9	0.158994
10	0.153787
11	0.20715
12	0.200278
13	0.166499
14	0.129928
15	0.117665
16	0.104255
17	0.124755
18	0.281703
19	0.289165
20	0.237918
21	0.250595
22	0.222943
23	0.20506
24	0.244042
25	0.233158
26	0.284465
27	0.211309
28	0.355605
29	0.178172
30	0.235661
31	0.665403
32	0.224208
33	0.291064
34	0.351777
35	0.654837
36	0.413107
37	0.497452
38	0.817369
39	1.15936
40	1.09896
41	0.791455
42	0.474516
43	0.779238
44	0.6686
45	1.01794
46	0.358414
47	0.501657
48	0.283742
49	0.328255
50	0.398647
51	0.902236
52	0.584299
53	0.516569
54	0.397258
55	0.486064
56	0.347205
57	0.347866
58	0.399495
59	1.03422
60	0.615689
61	0.476435
62	0.636776
63	0.552215
64	0.889214
65	0.452431
66	0.558853
67	0.467052
68	0.644935
69	0.591129
70	0.618414
71	0.491947
72	0.623149
73	0.434013
74	0.51377
75	0.609836
76	0.457156
77	0.382081
78	0.420762
================== Frontier ==================
5695	192
5762	160
5831	151
5834	147
5956	137
5983	134
6005	128
6015	123
6077	122
6111	120
6158	119
6332	118
6355	117
6360	111
6384	110
6404	109
6412	108
6434	106
6694	103
6802	101
6810	99
6821	98
6858	96
6911	95
6924	92
6943	85
7177	84
7221	83
7292	81
7298	80
7357	79
7755	76
7983	75
8009	73
8130	71
8215	70
8313	67
8339	66
8608	65
8682	64
8687	62
8718	60
8749	59
8769	57
9042	55
9066	51
9084	48
9173	45
9178	44
9234	43
9495	40
9663	39
9840	37
9948	36
9973	34
10030	31
10054	30
10074	29
10081	28
10471	27
10599	26
10889	25
10901	24
11372	23
11496	22
11858	21
11907	20
12129	19
12376	17
12497	16
13268	15
13381	14
13485	13
13697	12
13784	11
13845	10
13867	9
13900	7
14053	6
