Frontier size:	33
Weakly effici:	0
Total time:	25.0655
point	 time
0	0.138017
1	0.107534
2	0.246146
3	0.410704
4	0.382684
5	0.440782
6	0.526927
7	0.391297
8	0.527854
9	0.524628
10	0.46031
11	0.411205
12	0.628923
13	0.660116
14	0.609166
15	0.789117
16	0.918019
17	0.622926
18	0.691328
19	0.783633
20	0.203272
21	0.192592
22	0.25092
23	0.695355
24	0.549541
25	0.403102
26	0.607162
27	0.951316
28	0.363666
29	0.527095
30	0.484508
31	0.440941
32	0.123582
================== Frontier ==================
5695	422
5979	421
6127	420
6232	419
6286	418
6491	417
6590	416
6699	415
6894	414
7065	413
7151	412
7240	411
7338	410
7584	409
7679	408
7879	407
8060	406
8208	405
8333	404
8378	403
8392	402
8406	401
8660	400
9323	399
9416	398
9467	397
9681	396
9835	395
9910	394
10259	393
10608	392
10795	391
10863	390
