Frontier size:	84
Weakly effici:	1
Total time:	1886.25
point	 time
0	0.757204
1	0.399878
2	0.581165
3	0.560374
4	0.606204
5	0.426981
6	0.398711
7	0.6546
8	0.444528
9	0.40206
10	0.411804
11	0.458492
12	0.446466
13	0.436527
14	1.02335
15	0.713696
16	1.20149
17	1.34432
18	1.11656
19	1.21137
20	1.08004
21	1.34655
22	2.47806
23	1.06141
24	1.01418
25	1.20195
26	1.61288
27	1.71595
28	5.076
29	5.30223
30	5.25863
31	5.00608
32	5.93669
33	5.64942
34	8.40514
35	5.23827
36	7.61869
37	9.73062
38	8.88574
39	9.73981
40	9.95724
41	11.356
42	10.7217
43	10.9694
44	7.48039
45	6.67775
46	6.58598
47	11.3399
48	9.53108
49	7.70425
50	7.99599
51	8.8104
52	12.0013
53	5.84078
54	8.43717
55	8.93477
56	7.58685
57	8.46447
58	11.702
59	14.9436
60	20.1528
61	16.8002
62	12.6151
63	20.559
64	15.4916
65	16.6523
66	12.839
67	10.8844
68	10.0565
69	3.72093
70	2.19877
71	7.12488
72	6.92761
73	8.90867
74	10.7249
75	9.54081
76	11.3737
77	12.6117
78	11.7837
79	7.40445
80	6.83846
81	6.81733
82	6.65741
83	4.04041
84	4.0583
================== Frontier ==================
17873	148
17914	123
17954	122
17982	121
18024	120
18024	119
18030	115
18115	113
18176	110
18179	109
18229	107
18249	103
18294	101
18324	97
18541	96
18569	94
18836	93
18972	92
19020	91
19050	90
19052	88
19138	87
19173	86
19243	85
19249	84
19318	83
19442	82
19523	81
20107	80
20267	79
20515	78
20595	77
20778	76
20925	75
21074	74
21123	73
21587	72
21779	71
21919	70
22137	69
22297	68
22433	67
22683	66
22784	65
22843	64
22876	63
23062	62
23642	61
23680	60
23971	59
24060	58
24273	57
24409	56
24433	55
24788	54
24880	53
25019	52
25037	51
25651	50
25981	49
26344	48
26424	47
26461	46
26762	45
26941	44
27574	43
27807	42
28033	41
28330	40
28415	39
28458	38
29830	37
30584	36
31538	35
32018	34
32141	33
32753	32
33232	31
33558	30
34572	29
34649	28
35131	27
35410	26
35573	25
37717	24
