Frontier size:	25
Weakly effici:	0
Total time:	511.476
point	 time
0	0.753203
1	1.2106
2	1.01028
3	0.768254
4	0.834208
5	0.819489
6	1.31982
7	8.11217
8	14.1023
9	12.7065
10	13.653
11	15.7643
12	17.5642
13	23.6534
14	22.3548
15	17.6688
16	20.924
17	18.1841
18	38.8216
19	30.2896
20	26.1829
21	22.1248
22	20.5013
23	26.3239
24	22.8971
================== Frontier ==================
17873	431
18678	430
19200	429
19772	428
20431	427
20977	426
21864	425
22872	424
23506	423
24163	422
24780	421
25310	420
25839	419
26481	418
27134	417
27578	416
28210	415
28649	414
29575	413
30033	412
30659	411
31460	410
31991	409
33423	408
34636	407
