Frontier size:	25
Weakly effici:	0
Total time:	17.9212
point	 time
0	0.115933
1	0.0715792
2	0.0558734
3	0.0746921
4	0.0616255
5	0.0691781
6	0.0647973
7	0.0767058
8	0.0567563
9	0.0612875
10	0.0721952
11	0.0510454
12	0.0648069
13	0.0497872
14	0.0611831
15	0.0568275
16	0.0633764
17	0.0553026
18	0.126801
19	0.0577503
20	0.0764643
21	0.0619066
22	0.0770877
23	0.068276
24	0.0798274
================== Frontier ==================
5715	164
5736	104
5843	98
5998	97
6164	89
6410	86
6559	85
6680	83
6725	79
6770	73
6933	66
7321	64
7362	61
7431	57
7663	56
8208	55
8246	54
8456	53
8866	52
8957	51
9343	50
9790	47
9853	46
10084	44
10114	43
