Frontier size:	63
Weakly effici:	1
Total time:	55.622
point	 time
0	0.15285
1	0.0835186
2	0.0740298
3	0.0887116
4	0.0824545
5	0.0774261
6	0.079212
7	0.196524
8	0.0871272
9	0.0882079
10	0.142173
11	0.143907
12	0.0894729
13	0.0940233
14	0.0731342
15	0.0952387
16	0.154452
17	0.19057
18	0.10911
19	0.0965081
20	0.0893446
21	0.103186
22	0.102289
23	0.0958533
24	0.142261
25	0.155941
26	0.367513
27	0.203484
28	0.202573
29	0.178847
30	0.179306
31	0.217046
32	0.164837
33	0.395459
34	0.267588
35	0.306102
36	0.339066
37	0.20121
38	0.180737
39	0.281741
40	0.200001
41	0.139585
42	0.222981
43	0.188411
44	0.308794
45	0.375292
46	0.286934
47	0.378502
48	0.382555
49	0.314105
50	0.467705
51	0.345925
52	0.314724
53	0.393975
54	0.36478
55	0.266186
56	0.335257
57	0.453947
58	0.449853
59	0.525712
60	0.429746
61	0.467378
62	0.325271
63	0.343682
================== Frontier ==================
5715	208
5736	150
5761	149
5857	132
5875	122
6119	119
6159	118
6389	108
6447	107
6456	103
6522	102
6535	101
6564	100
6624	98
6637	95
6723	94
6921	93
6980	92
6992	87
7009	85
7017	84
7032	81
7187	79
7235	78
7415	76
7542	74
7754	73
7895	72
7942	71
7964	70
7964	68
8295	67
8301	64
8604	63
8609	62
8706	61
8740	60
8961	59
8977	58
9187	55
9191	52
9240	50
9513	48
9545	47
10522	45
10530	44
10592	41
10852	40
10917	39
11290	38
11312	37
11330	36
11378	35
11415	33
12077	31
12173	30
12699	29
13229	28
13257	27
13260	25
13301	24
13337	21
13398	20
13610	19
