Frontier size:	28
Weakly effici:	0
Total time:	23.6294
point	 time
0	0.119647
1	0.107217
2	0.0917867
3	0.117855
4	0.192594
5	0.120401
6	0.277085
7	0.204893
8	0.237954
9	0.346572
10	0.545444
11	0.652455
12	0.727172
13	0.624441
14	1.08646
15	0.72414
16	0.695225
17	0.410449
18	0.449824
19	0.927281
20	0.517202
21	1.75393
22	0.968038
23	0.459132
24	1.35273
25	1.44484
26	1.13925
27	0.923859
================== Frontier ==================
5715	401
5778	400
5877	399
6080	397
6263	396
6446	395
6707	394
6831	393
7118	392
7378	391
7601	390
7625	389
7834	388
7950	387
8102	386
8182	385
8293	384
8377	383
8546	382
9369	381
9449	380
9751	379
9900	378
9986	377
10327	376
10864	375
11059	374
11214	373
