Frontier size:	33
Weakly effici:	0
Total time:	24.9379
point	 time
0	0.186417
1	0.0765281
2	0.0933668
3	0.0651958
4	0.0618561
5	0.0755169
6	0.0533001
7	0.157438
8	0.0759004
9	0.0637614
10	0.0606076
11	0.0812739
12	0.0591769
13	0.102156
14	0.0790043
15	0.0574723
16	0.0572448
17	0.0710021
18	0.0532304
19	0.0685816
20	0.0559355
21	0.0784094
22	0.0656995
23	0.0814356
24	0.073491
25	0.0882333
26	0.0764991
27	0.0935177
28	0.0823034
29	0.0961826
30	0.0851961
31	0.111706
32	0.100561
================== Frontier ==================
6572	140
6616	129
6716	120
6743	103
6914	89
6929	87
7081	84
7356	83
7417	81
7841	76
7876	75
7881	71
8101	69
8502	66
8876	63
9480	62
9486	59
9791	56
9915	53
9957	49
10460	48
10670	47
10893	46
11666	44
12369	43
12843	42
13368	41
13587	40
14100	39
15182	38
15321	36
16111	35
16263	34
