Frontier size:	31
Weakly effici:	0
Total time:	22.8471
point	 time
0	0.18763
1	0.0776686
2	0.114872
3	0.0664441
4	0.0644118
5	0.0516528
6	0.0671533
7	0.0675003
8	0.0790974
9	0.0610067
10	0.0599437
11	0.123722
12	0.071682
13	0.0588058
14	0.075864
15	0.0624818
16	0.0558597
17	0.0736563
18	0.0598216
19	0.0602327
20	0.0707651
21	0.0659861
22	0.0806197
23	0.0618496
24	0.0768978
25	0.0741104
26	0.089959
27	0.0800219
28	0.102497
29	0.0831323
30	0.135069
================== Frontier ==================
6572	140
6616	130
6716	122
6743	105
6914	85
6929	84
7417	82
7841	77
7876	76
7881	75
7941	72
8101	71
8502	68
8533	67
8582	66
8666	63
8942	62
9480	60
9791	58
9915	52
9957	50
10167	48
10686	46
11449	45
12485	43
13202	42
13755	41
14462	40
14810	39
15769	38
17061	37
