Frontier size:	34
Weakly effici:	0
Total time:	51.518
point	 time
0	0.190855
1	0.0902596
2	0.121863
3	0.218013
4	0.125685
5	0.139008
6	0.443707
7	0.364655
8	0.516637
9	0.674614
10	0.750891
11	0.916613
12	1.18438
13	1.13593
14	2.04593
15	1.5824
16	2.5549
17	2.62668
18	2.02606
19	0.874904
20	3.36255
21	2.3216
22	3.40406
23	1.80007
24	1.36474
25	0.954841
26	2.22589
27	3.34585
28	1.29848
29	1.41253
30	0.750551
31	1.74488
32	0.30924
33	0.241632
================== Frontier ==================
6572	396
6582	395
6734	394
6887	393
6990	392
7025	391
7284	390
7419	389
7604	388
7862	387
7954	386
8013	385
8230	384
8274	383
8503	382
8555	381
8731	380
8854	379
9026	378
9059	377
9412	376
9605	375
9803	374
9915	373
10037	372
10109	371
10672	370
11255	369
11374	368
11650	367
11706	366
12038	365
12635	364
12691	363
