Frontier size:	38
Weakly effici:	0
Total time:	29.7504
point	 time
0	0.122323
1	0.0627936
2	0.135419
3	0.0624292
4	0.0806977
5	0.0654417
6	0.0570999
7	0.0775098
8	0.0682584
9	0.0585501
10	0.104724
11	0.0869247
12	0.0793789
13	0.095145
14	0.0849642
15	0.0692263
16	0.0564994
17	0.055901
18	0.0691934
19	0.108934
20	0.0591885
21	0.0729731
22	0.0638969
23	0.08164
24	0.065784
25	0.0811121
26	0.0696885
27	0.128885
28	0.119791
29	0.138199
30	0.0870246
31	0.105924
32	0.0910712
33	0.122841
34	0.114649
35	0.0998589
36	0.122407
37	0.109954
================== Frontier ==================
5642	105
5708	102
6024	95
6059	89
6060	88
6383	84
6386	78
6689	77
6925	71
7007	65
7198	60
7786	59
7865	57
8009	56
8026	54
8445	53
8591	51
9183	50
9283	49
9582	48
9730	47
10161	46
10173	45
10482	44
10879	42
11333	41
11700	40
12249	39
12312	38
12847	37
12983	36
13262	35
14254	34
16148	33
16892	32
17878	31
18402	30
19294	29
