Frontier size:	74
Weakly effici:	0
Total time:	74.7049
point	 time
0	0.130161
1	0.0778058
2	0.0743501
3	0.0706575
4	0.0584712
5	0.156228
6	0.123291
7	0.0708724
8	0.21068
9	0.159275
10	0.401779
11	0.414233
12	0.39789
13	0.221444
14	0.195964
15	0.252919
16	0.160763
17	0.154175
18	0.40005
19	0.299715
20	0.36468
21	0.539063
22	0.501148
23	0.332691
24	0.273231
25	0.602799
26	0.469556
27	0.403789
28	0.471586
29	0.389788
30	0.340743
31	0.390974
32	0.312081
33	0.435201
34	0.335091
35	0.404366
36	0.363671
37	0.330907
38	0.373668
39	0.336983
40	0.490334
41	0.231848
42	0.31933
43	0.222429
44	0.309682
45	0.418603
46	0.435966
47	0.230116
48	0.260493
49	0.265027
50	0.297767
51	0.285512
52	0.287828
53	0.226109
54	0.299832
55	0.312909
56	0.304367
57	0.302068
58	0.361128
59	0.232904
60	0.257865
61	0.239719
62	0.215021
63	0.270237
64	0.187147
65	0.290427
66	0.236733
67	0.338648
68	0.363178
69	0.335142
70	0.354174
71	0.276745
72	0.249432
73	0.324328
================== Frontier ==================
5642	142
5708	104
5738	100
5786	94
5870	92
6228	91
6232	88
6305	86
6489	85
6543	84
6679	83
6698	82
6737	81
6774	80
6779	79
6828	74
6882	72
6917	71
7117	69
7191	68
7743	65
7942	64
7945	63
8141	61
8174	60
8526	59
8591	58
8622	57
8658	55
8738	53
8835	51
8913	50
9200	48
9534	47
9548	46
9917	45
9974	43
10286	41
10328	40
10668	39
11273	38
11348	37
11672	36
11681	35
12080	34
12655	33
13082	32
13261	31
13409	30
13782	29
13866	28
13892	27
14049	26
14215	25
14375	24
14880	23
15094	22
15642	21
15841	19
16249	18
16913	17
17349	16
17391	15
18607	14
19233	13
20473	12
20584	11
21581	10
21778	9
21949	8
21960	7
23386	6
23513	5
23874	4
