Frontier size:	34
Weakly effici:	0
Total time:	34.0762
point	 time
0	0.126755
1	0.159038
2	0.216825
3	0.115745
4	0.233849
5	0.108509
6	0.321721
7	0.402704
8	0.409108
9	0.480751
10	0.467614
11	1.17092
12	0.667374
13	1.07464
14	1.84359
15	0.74638
16	1.9926
17	1.71031
18	0.899352
19	1.23236
20	1.28422
21	1.83439
22	1.18665
23	1.72123
24	0.4952
25	1.00453
26	0.58886
27	0.480035
28	0.378408
29	0.378522
30	0.29045
31	0.230752
32	0.105879
33	0.258602
================== Frontier ==================
5642	400
5974	399
6012	398
6097	397
6212	396
6384	395
6721	394
6859	393
7028	392
7109	391
7299	390
7526	389
7622	388
7867	387
8001	386
8101	385
8348	384
8392	383
8493	382
8591	381
8838	380
9016	379
9117	378
9423	376
9543	375
9893	374
9935	373
10113	372
10265	371
10408	370
10681	369
10736	368
10931	367
11132	366
