Frontier size:	25
Weakly effici:	0
Total time:	19.8511
point	 time
0	0.128851
1	0.0657014
2	0.0555794
3	0.0736328
4	0.0565701
5	0.0512234
6	0.0694904
7	0.0481963
8	0.049737
9	0.0597593
10	0.047115
11	0.0557708
12	0.0462591
13	0.0558982
14	0.0469079
15	0.0642628
16	0.0568622
17	0.0626692
18	0.067463
19	0.0734956
20	0.0676192
21	0.0807989
22	0.0909644
23	0.0796087
24	0.0899136
================== Frontier ==================
6423	116
6451	94
6714	89
6819	81
6990	79
7275	78
7401	72
7882	71
7984	67
8658	63
8679	60
8789	56
9844	55
10522	52
10845	50
11641	49
12293	47
13138	45
13292	42
13336	40
14230	39
14323	38
15372	37
16506	36
18447	35
