Frontier size:	75
Weakly effici:	0
Total time:	81.2936
point	 time
0	0.123686
1	0.0814424
2	0.123422
3	0.132523
4	0.0854285
5	0.0840101
6	0.14538
7	0.139238
8	0.179369
9	0.0954152
10	0.164246
11	0.231194
12	0.188693
13	0.17441
14	0.194992
15	0.40899
16	0.227081
17	0.28168
18	0.364915
19	0.54197
20	0.531778
21	0.413832
22	0.370414
23	0.3943
24	0.228523
25	0.167397
26	0.153114
27	0.318136
28	0.343582
29	0.357346
30	0.453302
31	0.342176
32	0.797362
33	0.429338
34	0.522859
35	0.517831
36	0.474025
37	0.593841
38	0.847034
39	1.63031
40	1.3192
41	1.13511
42	1.31588
43	0.798311
44	1.17681
45	0.540543
46	0.325992
47	0.344024
48	0.638337
49	0.666142
50	0.836901
51	0.886448
52	0.785502
53	1.10818
54	0.961739
55	0.496866
56	0.407717
57	0.429472
58	0.335923
59	0.410043
60	0.446887
61	1.33386
62	0.663471
63	0.681204
64	0.523526
65	0.578228
66	0.449207
67	0.502911
68	0.370532
69	0.34459
70	0.468411
71	0.316076
72	0.346437
73	0.328466
74	0.420025
================== Frontier ==================
6423	186
6444	174
6476	171
6482	161
6508	157
6549	152
6617	150
6671	149
6682	141
6686	137
6731	134
6773	133
6780	130
6838	128
6891	127
6955	124
6981	121
7130	119
7252	118
7315	114
7385	111
7425	109
7429	107
7512	101
7567	100
7583	97
7597	95
7805	93
7842	92
7868	91
7928	90
7955	89
8271	87
8332	85
8341	78
8493	77
8567	75
8654	73
8851	71
9118	70
9135	66
9255	65
9309	64
9317	63
9422	60
9479	59
9533	58
9541	57
9832	56
10117	54
10161	53
10202	52
10581	51
10710	50
10727	49
10800	48
11100	46
11115	45
11283	44
11341	43
11682	41
12023	39
12291	38
12293	37
12366	35
12423	32
12538	30
12693	29
12711	28
13750	26
13968	24
14090	23
14131	22
14416	20
14640	19
