Frontier size:	32
Weakly effici:	0
Total time:	29.7693
point	 time
0	0.149633
1	0.122821
2	0.0911747
3	0.147262
4	0.17576
5	0.184751
6	0.401652
7	0.411116
8	0.682687
9	0.984026
10	1.03288
11	0.91835
12	1.04874
13	0.867407
14	1.71515
15	0.8682
16	0.883514
17	1.95645
18	0.858855
19	0.789326
20	1.00989
21	1.50608
22	0.879813
23	0.750604
24	0.723605
25	0.372566
26	1.05449
27	0.568276
28	0.468986
29	0.116886
30	0.166397
31	0.238455
================== Frontier ==================
6423	412
6448	411
6484	410
6651	409
6916	408
6973	407
7338	406
7477	405
7697	404
7914	403
8026	402
8184	401
8309	400
8536	399
8689	398
8698	397
8805	396
9175	395
9279	394
9344	393
9505	392
9718	391
9754	390
9928	389
10028	388
10229	387
11028	386
11581	385
11952	384
11982	383
12403	382
12646	381
