Frontier size:	31
Weakly efficient:	1
Total time:	17.0889
point	 time
0	0.482671
1	0.586199
2	0.41174
3	0.760514
4	0.491178
5	0.29979
6	0.59433
7	0.603079
8	0.632191
9	0.69436
10	0.739711
11	0.287878
12	0.699422
13	0.630151
14	0.349205
15	0.420898
16	0.551286
17	0.491788
18	0.451494
19	0.603154
20	0.478942
21	0.267728
22	0.444716
23	0.646629
24	0.838757
25	0.605319
26	0.744829
27	0.471568
28	0.452052
29	0.575057
30	0.446297
31	0.29849
inf	0.00154899
================== Frontier ==================
23112	99
23362	97
23467	95
23709	93
23790	91
23808	89
23948	87
23966	85
24057	83
24115	81
24212	78
24215	75
24374	73
24465	71
24520	69
24608	67
24681	62
24708	59
24716	57
24736	45
24757	32
24757	30
25564	28
25612	24
25910	22
25942	20
26018	18
26066	16
26216	14
26684	11
27388	9
30411	7
