Frontier size:	33
Weakly efficient:	0
Total time:	49.4033
point	 time
0	0.30913
1	1.973
2	0.764394
3	1.12909
4	2.02237
5	1.34552
6	1.38581
7	3.24701
8	2.05439
9	2.01243
10	1.449
11	3.55986
12	1.46712
13	1.74868
14	1.8562
15	2.09584
16	1.52439
17	1.52529
18	0.75578
19	1.20828
20	0.859529
21	0.349427
22	0.703548
23	0.676116
24	0.837632
25	1.55421
26	2.35411
27	2.19319
28	1.8222
29	2.95173
30	0.384821
31	0.54334
32	0.697447
inf	0.00145178
================== Frontier ==================
3447	99
3595	97
3683	95
3793	93
3923	91
4048	89
4157	86
4341	84
4437	82
4454	79
4524	77
4633	75
4706	71
4788	69
4820	66
4870	63
4878	59
4912	56
4937	51
4956	41
5006	38
5017	35
5041	32
5069	29
5087	27
5148	22
5226	20
5266	18
5277	16
5334	14
5404	12
5431	10
5552	8
