Frontier size:	32
Weakly efficient:	0
Total time:	17.5675
point	 time
0	1.09306
1	0.531611
2	0.740074
3	1.39537
4	0.707037
5	0.805721
6	0.186972
7	0.767589
8	0.833931
9	1.39284
10	0.159657
11	0.26251
12	0.199127
13	0.130944
14	0.213297
15	0.227076
16	0.57679
17	0.523156
18	0.330863
19	0.898878
20	0.234968
21	0.805786
22	0.416119
23	0.166552
24	0.189098
25	0.956788
26	0.98658
27	0.688071
28	0.551852
29	0.230213
30	0.127028
31	0.199031
inf	0.00148915
================== Frontier ==================
3711	99
3805	97
3930	95
4032	93
4113	91
4244	88
4289	86
4400	84
4478	82
4615	80
4649	78
4694	76
4759	74
4777	72
4869	69
4899	67
5007	65
5024	60
5048	58
5078	46
5082	39
5102	34
5135	27
5149	24
5177	20
5342	18
5360	16
5425	14
5455	11
5547	9
5722	7
5912	5
