Frontier size:	32
Weakly efficient:	1
Total time:	36.8884
point	 time
0	0.903238
1	0.496366
2	1.19969
3	0.666998
4	0.976407
5	1.47073
6	1.4871
7	2.95921
8	0.478897
9	2.00001
10	2.10872
11	0.856576
12	1.02412
13	0.757629
14	0.669133
15	1.64347
16	0.498733
17	0.585951
18	0.397474
19	0.57327
20	0.72453
21	0.623957
22	2.64604
23	2.36661
24	0.665154
25	1.03099
26	1.39646
27	1.06589
28	1.14136
29	0.788506
30	1.93253
31	0.240736
32	0.469758
inf	0.00144191
================== Frontier ==================
3760	99
3894	97
4088	95
4125	93
4174	91
4251	89
4340	87
4532	85
4623	83
4729	81
4746	79
4844	77
4946	75
4953	72
5024	70
5100	68
5137	66
5160	61
5160	43
5206	40
5215	36
5227	33
5317	31
5316	26
5375	24
5483	22
5505	18
5633	16
5674	14
5725	12
5828	10
5861	8
6310	6
