Frontier size:	28
Weakly efficient:	0
Total time:	10.2108
point	 time
0	0.734996
1	0.537609
2	0.348838
3	0.305904
4	0.675481
5	0.678302
6	0.55303
7	0.628168
8	0.658179
9	0.37622
10	0.438218
11	0.52994
12	0.38994
13	0.259344
14	0.308912
15	0.264284
16	0.228017
17	0.175285
18	0.159739
19	0.202898
20	0.166696
21	0.152118
22	0.401547
23	0.265692
24	0.432229
25	0.108718
26	0.142802
27	0.0544217
inf	0.00128528
================== Frontier ==================
5965	99
6156	97
6194	95
6301	93
6412	89
6515	87
6692	85
6733	83
6886	81
6985	79
7030	76
7058	74
7120	72
7193	64
7276	60
7555	54
7570	47
7640	38
7660	33
7730	30
7747	28
7881	25
8727	23
8894	21
9362	19
9416	16
9705	14
11785	12
