Frontier size:	32
Weakly efficient:	0
Total time:	14.0638
point	 time
0	0.437448
1	0.225261
2	0.568955
3	0.742361
4	0.370338
5	0.384197
6	0.746557
7	0.431101
8	0.426597
9	0.648372
10	0.21294
11	0.373381
12	0.613833
13	0.519039
14	0.626508
15	0.226695
16	0.209567
17	0.129447
18	0.240115
19	0.424874
20	0.429219
21	0.534379
22	0.55181
23	0.536837
24	0.311146
25	0.535776
26	0.590497
27	0.581053
28	0.338826
29	0.341095
30	0.49371
31	0.223959
inf	0.00169608
================== Frontier ==================
7816	99
7963	97
8117	95
8228	93
8320	91
8556	89
8643	87
8757	85
8779	83
8834	80
8994	78
9025	76
9133	74
9154	72
9200	70
9216	66
9248	63
9292	60
9313	54
9355	48
9374	46
9386	40
9408	34
9433	31
9437	28
9518	26
9540	24
9564	22
9572	19
9613	17
9735	15
9917	13
