Frontier size:	30
Weakly efficient:	0
Total time:	15.5758
point	 time
0	0.396363
1	0.568481
2	0.34387
3	0.496937
4	0.591822
5	0.196385
6	0.847648
7	0.632617
8	0.426706
9	0.722445
10	0.571299
11	0.537051
12	0.682734
13	0.750278
14	0.67224
15	0.602766
16	0.450777
17	0.497418
18	0.451417
19	0.412387
20	0.677127
21	0.443834
22	0.581113
23	0.760757
24	0.573136
25	0.611122
26	0.46527
27	0.0700585
28	0.26228
29	0.248597
inf	0.00144608
================== Frontier ==================
11543	99
11780	97
11850	95
12071	93
12213	91
12266	89
12551	86
12541	84
12751	82
12795	79
12827	77
12878	75
12943	72
12955	65
12978	61
13039	59
13057	57
13082	49
13096	43
13108	40
13121	37
13162	35
13198	32
13227	30
13247	26
13317	24
13342	19
13442	17
14313	15
15373	12
