Frontier size:	29
Weakly efficient:	0
Total time:	9.51498
point	 time
0	0.384879
1	0.430371
2	0.431707
3	0.508027
4	0.450632
5	0.453416
6	0.458873
7	0.231754
8	0.181709
9	0.275134
10	0.204486
11	0.412001
12	0.354677
13	0.26679
14	0.261293
15	0.19882
16	0.459458
17	0.510892
18	0.370025
19	0.269815
20	0.234383
21	0.198023
22	0.118032
23	0.144071
24	0.169591
25	0.250318
26	0.840539
27	0.260494
28	0.149575
inf	0.00142058
================== Frontier ==================
9883	99
9976	97
10095	95
10198	93
10284	91
10380	89
10419	87
10479	85
10586	83
10714	81
10809	78
10979	76
10991	74
11074	68
11211	66
11302	64
11706	48
11823	40
11834	38
11835	33
11847	31
11982	28
12022	23
12445	21
12821	19
14068	17
14640	15
16052	13
19761	9
