Frontier size:	35
Weakly efficient:	0
Total time:	26.0385
point	 time
0	0.55974
1	1.85786
2	1.18489
3	0.912522
4	0.560573
5	1.0859
6	0.742482
7	0.464159
8	0.394331
9	0.557569
10	0.59709
11	0.870672
12	0.8628
13	0.980245
14	0.442154
15	0.550891
16	0.789074
17	0.63042
18	0.911277
19	0.789685
20	0.901832
21	0.778144
22	1.30514
23	0.896997
24	0.637753
25	0.487802
26	0.396636
27	0.375942
28	0.275628
29	0.421743
30	0.410131
31	0.44934
32	1.37426
33	0.29944
34	1.23688
inf	0.00197417
================== Frontier ==================
15607	99
15888	97
16041	95
16197	93
16326	91
16446	89
16558	87
16583	84
16835	82
16957	80
17036	77
17157	75
17198	73
17291	71
17366	68
17445	66
17516	63
17550	60
17567	56
17578	54
17603	48
17657	44
17714	36
17737	34
17772	29
17797	26
17838	24
17874	22
17893	20
17950	18
18039	16
18196	14
18516	11
18910	9
20491	7
