Frontier size:	40
Weakly efficient:	0
Total time:	17.7901
point	 time
0	0.453066
1	0.531653
2	0.55195
3	0.494612
4	0.596543
5	0.666744
6	0.475926
7	0.311269
8	0.377721
9	0.286447
10	0.235402
11	0.430847
12	0.518537
13	0.201088
14	0.227852
15	0.295192
16	0.399772
17	0.364597
18	0.25424
19	0.35106
20	0.203435
21	0.391703
22	0.343007
23	0.46257
24	0.504843
25	0.431012
26	0.250513
27	0.229039
28	0.417987
29	0.232569
30	0.433399
31	0.616084
32	0.886133
33	0.404766
34	0.569215
35	0.508301
36	0.332221
37	0.736794
38	0.718836
39	1.04498
inf	0.00201856
================== Frontier ==================
18683	99
18963	97
19100	95
19179	93
19284	91
19458	89
19552	87
19702	85
19871	83
20022	80
20120	78
20292	76
20324	74
20372	72
20423	70
20438	68
20473	66
20527	64
20574	60
20697	58
20698	49
20730	46
20743	44
20762	41
20768	38
20814	36
20837	34
20842	32
20878	29
20886	27
20933	25
20957	23
21048	20
21078	18
21172	16
21242	14
21524	12
23408	10
24544	8
27313	6
