Frontier size:	21
Weakly efficient:	0
Total time:	4.26892
point	 time
0	0.39725
1	0.278791
2	0.232094
3	0.298869
4	0.189786
5	0.212091
6	0.291464
7	0.329014
8	0.28887
9	0.265635
10	0.107996
11	0.215023
12	0.23205
13	0.120641
14	0.132628
15	0.175307
16	0.104041
17	0.0890458
18	0.183457
19	0.0555538
20	0.0505087
inf	0.000936614
================== Frontier ==================
2014	99
2136	97
2206	95
2345	92
2371	90
2410	87
2562	84
2636	82
2774	79
2832	72
2870	34
3028	31
3044	29
3090	27
3166	24
3213	22
3247	19
3289	16
3415	14
3539	12
3868	9
