Frontier size:	35
Weakly efficient:	1
Total time:	31.7553
point	 time
0	1.15516
1	0.771882
2	1.19005
3	0.93851
4	1.24896
5	1.20795
6	0.842693
7	0.718278
8	0.734697
9	1.08932
10	0.460273
11	1.0572
12	0.642407
13	0.79623
14	0.930473
15	1.18475
16	1.29495
17	1.21772
18	1.40745
19	0.863069
20	1.00248
21	0.902663
22	0.870674
23	0.746861
24	1.0399
25	0.474958
26	0.691421
27	0.623342
28	0.724949
29	0.880234
30	0.634856
31	0.666212
32	0.509767
33	0.497085
34	1.45048
35	0.235581
inf	0.00212151
================== Frontier ==================
26561	99
26720	97
26844	95
27012	93
27343	91
27471	89
27568	87
27610	85
27703	83
27798	81
27977	79
28157	77
28180	75
28245	73
28386	71
28394	69
28457	67
28579	65
28638	62
28638	57
28652	51
28673	45
28685	41
28694	39
28742	37
28757	29
28811	27
28831	25
28886	22
28967	20
28998	17
29095	14
29188	12
29458	10
30845	8
31609	6
