Frontier size:	37
Weakly efficient:	0
Total time:	126.238
point	 time
0	2.61164
1	7.82316
2	9.85044
3	3.63047
4	2.13996
5	2.63877
6	3.53303
7	3.59715
8	1.23912
9	4.19161
10	3.10999
11	5.3205
12	1.75349
13	1.70283
14	3.64056
15	4.71269
16	6.41308
17	2.62266
18	3.94525
19	3.23805
20	5.39683
21	2.50027
22	9.46505
23	5.33538
24	2.61082
25	6.75393
26	2.50774
27	2.92279
28	1.95595
29	1.87334
30	1.03502
31	0.806568
32	0.932978
33	0.935597
34	1.34596
35	1.93329
36	0.153115
inf	0.0025989
================== Frontier ==================
7294	99
7513	97
7693	95
7833	93
7966	91
8055	89
8149	87
8243	85
8303	83
8461	81
8570	79
8627	77
8705	75
8826	73
8928	71
8989	69
9052	67
9152	63
9233	59
9240	57
9281	55
9277	51
9291	44
9361	42
9362	37
9418	29
9476	27
9479	25
9564	22
9574	20
9624	18
9698	16
9784	14
9914	12
10248	10
10439	8
10956	6
