Frontier size:	31
Weakly efficient:	0
Total time:	18.2984
point	 time
0	1.38856
1	0.652812
2	1.05577
3	0.487112
4	0.567156
5	1.87804
6	1.29424
7	1.21816
8	0.335808
9	0.352285
10	0.484526
11	0.408215
12	0.26566
13	0.62842
14	0.189105
15	0.306997
16	0.308953
17	0.193851
18	0.223714
19	0.282558
20	0.333168
21	0.394366
22	0.456505
23	0.709222
24	1.09366
25	0.797836
26	0.504134
27	0.382642
28	0.38989
29	0.584255
30	0.0931578
inf	0.00222518
================== Frontier ==================
3271	99
3453	97
3797	95
3865	93
4104	91
4315	89
4358	87
4386	84
4480	82
4532	80
4686	78
4762	76
4813	74
4925	71
4962	69
4996	67
5121	65
5144	60
5196	58
5269	43
5299	41
5338	33
5458	31
5487	29
5673	27
5724	17
6058	15
6105	13
6171	11
6416	9
7354	7
