Frontier size:	34
Weakly efficient:	0
Total time:	32.1361
point	 time
0	0.383259
1	0.81398
2	0.896253
3	0.548589
4	0.402917
5	0.651277
6	0.467127
7	0.752052
8	0.705735
9	0.834041
10	0.947921
11	0.917277
12	0.651987
13	0.538813
14	1.08671
15	1.39703
16	0.857595
17	0.615235
18	1.69088
19	2.77634
20	1.25485
21	1.01233
22	1.638
23	1.38053
24	1.0993
25	2.21001
26	1.48244
27	1.03214
28	0.640955
29	0.861764
30	0.566977
31	0.302373
32	0.460435
33	0.219604
inf	0.00197673
================== Frontier ==================
6036	99
6345	97
6489	95
6638	93
6672	91
6820	89
6911	87
7057	85
7195	83
7358	80
7408	77
7504	75
7508	73
7533	70
8131	67
8168	65
8237	63
8245	61
8307	59
8348	55
8354	36
8411	33
8488	31
8514	29
8543	26
8617	24
8665	22
8774	19
8788	17
9095	15
9112	13
9256	11
9739	9
11284	7
