Frontier size:	33
Weakly efficient:	0
Total time:	12.4662
point	 time
0	0.304588
1	0.217302
2	0.337733
3	0.203743
4	0.275694
5	0.29829
6	0.440218
7	0.410706
8	0.636406
9	0.795247
10	0.733911
11	0.353547
12	0.390533
13	0.461121
14	0.598395
15	0.347661
16	0.306322
17	0.293277
18	0.503039
19	0.207926
20	0.161674
21	0.372039
22	0.541152
23	0.514935
24	0.426866
25	0.360613
26	0.306307
27	0.298418
28	0.261009
29	0.580925
30	0.258204
31	0.173374
32	0.0576288
inf	0.00190749
================== Frontier ==================
6327	99
6467	97
6756	95
6823	93
6985	91
7281	89
7529	87
7555	85
7741	83
7832	81
7857	78
7928	76
8034	74
8070	70
8192	68
8212	66
8229	64
8312	60
8348	44
8400	38
8428	34
8493	30
8504	28
8674	26
9233	24
9338	20
9410	18
9985	15
10304	13
10902	11
11798	9
14058	7
16096	5
