Frontier size:	33
Weakly efficient:	0
Total time:	9.88381
point	 time
0	0.0923319
1	0.297085
2	0.140856
3	0.22191
4	0.321698
5	0.327294
6	0.244713
7	0.297512
8	0.175627
9	0.135095
10	0.238914
11	0.252336
12	0.16826
13	0.274411
14	0.300646
15	0.204183
16	0.157045
17	0.16066
18	0.117809
19	0.139479
20	0.437115
21	0.297113
22	0.327362
23	0.211073
24	0.226583
25	0.360756
26	0.585175
27	0.605564
28	0.670842
29	1.0937
30	0.397765
31	0.268526
32	0.0975147
inf	0.00201125
================== Frontier ==================
8947	99
9213	97
9349	95
9556	93
9700	91
9914	89
10109	87
10178	84
10370	82
10507	80
10648	78
10722	75
10767	68
10791	66
10830	64
11260	61
11309	59
11340	42
11396	40
11460	35
12181	33
12185	30
12275	28
12321	25
12339	23
12965	20
13115	17
13227	15
13917	13
14573	11
15317	9
15909	7
22120	5
