Frontier size:	42
Weakly efficient:	0
Total time:	31.2091
point	 time
0	1.37987
1	0.747944
2	0.970752
3	1.38921
4	0.735311
5	0.523575
6	0.695787
7	0.591486
8	1.29943
9	0.996272
10	0.677438
11	1.06893
12	0.404729
13	0.552802
14	0.449949
15	0.639863
16	1.11419
17	0.582891
18	0.979438
19	0.576783
20	0.994241
21	0.546435
22	0.653062
23	0.557414
24	0.726402
25	0.426938
26	0.237283
27	0.58564
28	0.94111
29	0.300424
30	0.30359
31	0.529916
32	0.522297
33	0.754621
34	0.667769
35	1.23571
36	1.96632
37	0.501149
38	0.884921
39	1.02918
40	0.306266
41	0.090015
inf	0.00219345
================== Frontier ==================
4448	99
4769	97
4970	95
5133	93
5240	91
5377	89
5651	87
5851	85
6079	83
6108	81
6242	79
6284	77
6334	75
6411	73
6534	71
6589	69
6712	66
6722	64
6758	61
6807	58
6838	56
6858	54
6868	47
6875	44
6890	41
6900	39
6905	36
6951	34
6990	32
7013	29
7028	27
7066	25
7152	23
7226	20
7281	18
7390	16
7470	14
7573	12
7827	10
8013	8
8115	6
9416	4
