Frontier size:	23
Weakly efficient:	0
Total time:	7.37903
point	 time
0	0.394206
1	0.39447
2	0.37127
3	0.426301
4	0.327666
5	0.29957
6	0.401298
7	0.404682
8	0.394216
9	0.477541
10	0.312658
11	0.258043
12	0.312655
13	0.296997
14	0.602003
15	0.28453
16	0.262051
17	0.334566
18	0.164574
19	0.169225
20	0.155368
21	0.152268
22	0.147544
inf	0.00243291
================== Frontier ==================
10921	92
10933	69
10950	61
10958	58
10973	56
11314	52
11362	49
11408	46
11573	44
11649	41
11678	39
11689	37
11739	35
11784	32
12181	29
14707	27
18721	25
20570	23
21326	21
24924	19
25343	17
28593	15
31625	13
