Frontier size:	35
Weakly efficient:	0
Total time:	11.3835
point	 time
0	0.421428
1	0.256071
2	0.353486
3	0.286306
4	0.387583
5	0.296081
6	0.221137
7	0.174008
8	0.373253
9	0.204067
10	0.252458
11	0.192375
12	0.457573
13	0.430686
14	0.339699
15	0.40998
16	0.22455
17	0.21405
18	0.173921
19	0.215751
20	0.204524
21	0.194273
22	0.59695
23	0.321761
24	0.334872
25	0.579517
26	0.33776
27	0.534934
28	0.354161
29	0.403461
30	0.368882
31	0.364095
32	0.309435
33	0.34294
34	0.198017
inf	0.0022545
================== Frontier ==================
10921	99
11080	97
11442	95
11654	93
11816	91
11951	88
12164	86
12400	84
12431	82
12529	80
12618	78
12760	76
12846	74
12866	71
12947	69
12961	67
13038	65
13095	62
13123	60
13134	58
13166	42
13218	39
13756	35
13764	31
13812	29
14003	25
14213	23
14645	21
14907	19
15140	17
15187	15
15929	13
16076	11
20888	9
22877	7
