Frontier size:	37
Weakly efficient:	0
Total time:	20.4088
point	 time
0	0.392793
1	0.558658
2	0.614661
3	0.577303
4	0.270068
5	0.440088
6	0.854406
7	0.696521
8	0.272948
9	0.560116
10	1.40034
11	0.584584
12	0.662749
13	0.241304
14	0.482034
15	0.644714
16	0.567296
17	0.595529
18	0.361486
19	0.49674
20	0.543131
21	0.424984
22	0.303794
23	0.584678
24	0.949431
25	0.693439
26	0.383478
27	0.46132
28	0.523899
29	1.07598
30	0.727971
31	0.895866
32	0.253072
33	0.31685
34	0.422436
35	0.318244
36	0.193191
inf	0.00238764
================== Frontier ==================
11117	99
11395	97
11563	95
11787	93
11906	91
12080	89
12341	87
12450	85
12593	83
12716	81
12928	79
12986	77
13157	75
13192	73
13321	71
13361	69
13371	66
13473	64
13514	62
13582	59
13609	57
13611	44
13648	40
13669	38
13749	36
13791	32
13800	28
13842	26
13846	24
14240	22
14313	20
14401	18
14417	16
14485	14
14898	11
18333	9
19955	7
