Frontier size:	36
Weakly efficient:	0
Total time:	15.4031
point	 time
0	0.530421
1	0.32714
2	0.272937
3	0.325
4	0.220453
5	1.00185
6	0.490607
7	0.670146
8	0.842029
9	0.302271
10	0.527213
11	0.606322
12	0.466174
13	0.211667
14	0.392271
15	0.270599
16	0.247938
17	0.183076
18	0.377458
19	0.2667
20	0.487629
21	0.253124
22	0.254228
23	0.218527
24	0.314127
25	0.203972
26	0.26095
27	0.27734
28	0.383947
29	0.423057
30	0.53591
31	0.744403
32	0.837331
33	0.711918
34	0.534397
35	0.380142
inf	0.00231966
================== Frontier ==================
9832	99
10010	97
10204	95
10487	93
10771	91
10929	89
11074	87
11280	85
11447	83
11537	81
11658	79
11757	77
11838	75
11853	73
11979	71
12086	69
12202	66
12243	63
12290	61
12318	57
12366	42
12377	36
12490	33
12525	31
12560	29
12664	27
12688	25
12804	23
13521	21
13573	19
13870	17
14190	15
15228	13
15316	11
15928	9
19109	7
