Frontier size:	24
Weakly efficient:	0
Total time:	5.07294
point	 time
0	0.175921
1	0.162466
2	0.177028
3	0.165629
4	0.250321
5	0.465466
6	0.343062
7	0.298796
8	0.256406
9	0.203418
10	0.316631
11	0.116169
12	0.222
13	0.201871
14	0.291198
15	0.33487
16	0.357459
17	0.187829
18	0.0642607
19	0.172268
20	0.0744827
21	0.0334394
22	0.0838128
23	0.0953354
inf	0.000920904
================== Frontier ==================
4251	99
4546	96
4624	94
4674	91
4790	88
4935	86
4974	84
5012	82
5118	80
5170	78
5263	70
5322	68
5407	59
5424	40
5457	38
5465	34
5491	32
5535	25
5560	23
5658	17
6093	15
6099	13
6630	10
6746	8
