Frontier size:	38
Weakly efficient:	0
Total time:	323.473
point	 time
0	8.36283
1	12.516
2	21.7342
3	7.54154
4	10.5163
5	10.1504
6	18.7968
7	19.5074
8	8.14506
9	5.49548
10	12.0326
11	8.63035
12	8.92553
13	5.22789
14	6.15882
15	3.54435
16	13.0503
17	11.4292
18	12.0473
19	8.94411
20	5.94759
21	6.9611
22	10.8395
23	8.98873
24	7.42351
25	7.52021
26	9.25206
27	3.13487
28	2.07219
29	2.93077
30	3.46287
31	6.29132
32	9.07944
33	6.13423
34	3.56264
35	6.25212
36	4.07893
37	6.70982
inf	0.00241811
================== Frontier ==================
10816	99
11080	97
11374	95
11599	93
11749	91
12007	89
12220	87
12358	83
12439	81
12565	79
12658	77
12780	75
12882	73
12906	71
12994	68
13078	66
13165	64
13202	62
13232	60
13236	58
13279	54
13318	48
13337	40
13347	38
13375	36
13426	33
13472	30
13502	28
13508	26
13577	23
13595	21
13679	19
13877	17
13970	15
14055	13
14162	11
14385	9
14764	7
