Frontier size:	40
Weakly efficient:	0
Total time:	41.1582
point	 time
0	0.681166
1	1.36343
2	0.494951
3	2.82916
4	1.93269
5	0.846336
6	0.533555
7	0.535309
8	1.10697
9	0.604955
10	0.926931
11	0.614139
12	1.33724
13	1.42983
14	0.448485
15	1.07617
16	1.45684
17	0.747515
18	1.01512
19	0.864883
20	0.733849
21	0.58284
22	0.710929
23	0.779899
24	1.08891
25	0.646075
26	1.63361
27	1.04976
28	1.68099
29	1.03603
30	0.721881
31	0.558338
32	0.667378
33	1.15472
34	1.31864
35	1.21998
36	0.673991
37	0.784392
38	0.876549
39	2.34017
inf	0.00234327
================== Frontier ==================
4466	99
4688	97
4859	95
5043	93
5378	91
5424	89
5543	87
5708	85
5836	83
5987	81
6107	79
6231	77
6319	75
6373	73
6482	71
6579	69
6656	67
6691	65
6822	63
6875	60
6907	55
6924	53
6936	50
6944	46
6964	43
6972	41
7089	39
7127	36
7171	33
7254	31
7255	28
7284	26
7374	24
7446	22
7502	20
7568	18
7613	16
7753	14
7824	11
8492	9
