Frontier size:	33
Weakly efficient:	1
Total time:	16.7001
point	 time
0	0.370486
1	0.372616
2	0.306236
3	0.289649
4	1.13093
5	0.456665
6	0.585999
7	0.511463
8	0.445282
9	0.434922
10	0.411783
11	0.287893
12	0.489609
13	0.52926
14	0.774698
15	0.718189
16	0.539076
17	0.630519
18	0.422595
19	0.710694
20	0.631974
21	0.401051
22	0.475905
23	0.39172
24	0.475534
25	0.334177
26	0.366947
27	0.204475
28	0.773813
29	0.480078
30	0.387613
31	0.477304
32	0.518676
33	0.322427
inf	0.0024091
================== Frontier ==================
9880	99
10305	97
10418	95
10575	93
10848	91
10970	89
11207	87
11409	85
11495	83
11579	81
11680	79
11773	77
12009	75
12154	71
12260	68
12346	65
12372	63
12393	58
12462	51
12488	49
12511	45
12511	38
12535	34
12556	31
12596	28
12636	25
12677	23
12750	21
13597	19
13831	17
14881	15
15501	13
16476	11
17944	9
