Frontier size:	37
Weakly efficient:	0
Total time:	124.364
point	 time
0	3.91335
1	5.9293
2	3.10634
3	3.40706
4	2.40492
5	2.61004
6	4.03846
7	3.96976
8	2.28055
9	2.32518
10	2.72552
11	1.38048
12	3.57978
13	3.0245
14	8.75787
15	2.86513
16	3.82039
17	3.04649
18	2.51176
19	2.05392
20	2.25724
21	2.99656
22	3.98443
23	2.27004
24	2.37777
25	3.77111
26	10.8858
27	3.06784
28	1.85232
29	4.05329
30	2.90484
31	3.04651
32	4.73015
33	3.02137
34	1.98805
35	2.07506
36	1.25447
inf	0.00557905
================== Frontier ==================
39462	99
39743	97
39874	95
40079	93
40169	91
40339	89
40501	87
40612	85
40815	83
41059	81
41163	79
41227	77
41360	75
41480	73
41606	69
41634	67
41720	65
41722	63
41752	61
41829	59
41848	56
41885	44
42009	42
42036	40
42045	38
42102	35
42176	32
42197	30
42220	28
42344	26
42374	24
42430	22
42505	20
42543	18
42602	15
42787	13
42926	11
