Frontier size:	40
Weakly efficient:	0
Total time:	14.1988
point	 time
0	1.71656
1	1.23133
2	0.323606
3	0.225316
4	0.444225
5	0.350521
6	0.515791
7	0.213148
8	0.165276
9	0.266957
10	0.212932
11	0.394306
12	0.358245
13	0.247128
14	0.234181
15	0.59523
16	0.403024
17	0.455079
18	0.324917
19	0.4082
20	0.393361
21	0.392314
22	0.320166
23	0.277885
24	0.391681
25	0.251203
26	0.29259
27	0.149466
28	0.139268
29	0.205985
30	0.12478
31	0.201115
32	0.224277
33	0.163472
34	0.188909
35	0.205486
36	0.287909
37	0.178077
38	0.2277
39	0.40963
inf	0.00365648
================== Frontier ==================
4701	99
4938	97
5159	95
5354	93
5651	91
5857	89
5952	87
6203	85
6251	83
6476	81
6556	79
6848	77
6911	75
7025	73
7149	71
7174	69
7208	65
7309	63
7332	61
7402	59
7404	57
7458	55
7482	44
7510	42
7541	37
7564	35
7572	32
7611	30
7626	27
7676	25
7709	23
7762	21
7942	18
8004	16
8212	14
8340	12
9235	10
9427	8
11292	6
13701	4
