Frontier size:	41
Weakly efficient:	0
Total time:	15.6472
point	 time
0	0.18039
1	0.29997
2	0.447022
3	0.295374
4	0.248689
5	0.259941
6	0.246257
7	0.192578
8	0.195596
9	0.463165
10	0.192531
11	0.296994
12	0.303535
13	0.407769
14	0.248722
15	0.174283
16	0.326659
17	0.291717
18	0.443407
19	0.36191
20	0.377006
21	0.242158
22	0.379419
23	0.363714
24	0.242171
25	0.403641
26	0.302712
27	0.665797
28	0.37527
29	0.569941
30	0.877946
31	0.522305
32	0.50796
33	0.729457
34	0.753465
35	0.369403
36	0.358561
37	0.427975
38	0.558688
39	0.361285
40	0.285451
inf	0.00504348
================== Frontier ==================
5456	99
5800	97
6113	95
6344	93
6712	91
6914	89
7112	87
7251	85
7417	83
7518	81
7624	79
7853	77
7925	75
7994	73
8138	71
8209	69
8282	67
8366	65
8451	62
8509	59
8576	57
8604	49
8620	45
8630	42
8655	40
8949	38
8965	33
9024	31
9085	29
9156	27
9229	24
9338	22
9506	20
9545	18
9734	16
10109	14
10154	12
11284	10
11685	8
13127	6
15941	4
