Frontier size:	43
Weakly efficient:	0
Total time:	52.5609
point	 time
0	1.52914
1	0.993273
2	1.72321
3	1.60443
4	1.15241
5	1.82451
6	2.00751
7	2.29539
8	1.91699
9	1.896
10	0.893958
11	0.864419
12	1.38312
13	0.921609
14	1.13202
15	0.804109
16	0.763854
17	0.971625
18	1.44027
19	0.884182
20	1.39173
21	0.784437
22	1.02742
23	1.46616
24	1.37505
25	1.18092
26	1.6339
27	1.51255
28	0.996787
29	0.992861
30	1.01772
31	0.518009
32	1.02992
33	1.32012
34	1.23063
35	0.94444
36	1.22936
37	1.72511
38	0.82277
39	0.993467
40	0.377376
41	1.23927
42	0.653263
inf	0.00372528
================== Frontier ==================
16781	99
17263	97
17496	95
17662	93
17888	91
18120	89
18301	87
18539	85
18712	83
18773	81
18857	79
18964	77
18994	75
19015	73
19136	70
19159	68
19244	66
19354	64
19464	60
19529	58
19577	55
19579	53
19606	51
19621	49
19637	47
19640	44
19663	42
19738	40
19750	38
19762	36
19796	33
19833	31
19860	29
19884	27
19964	25
20021	23
20115	21
20172	19
20251	17
20320	15
22487	13
23553	11
24941	9
