Frontier size:	40
Weakly efficient:	1
Total time:	48.38
point	 time
0	2.47481
1	3.21224
2	0.9905
3	0.395486
4	0.677019
5	0.699504
6	3.54866
7	0.843273
8	0.221089
9	0.42877
10	2.98134
11	0.287055
12	0.619838
13	0.652613
14	0.241554
15	2.06931
16	0.759121
17	0.613705
18	1.5523
19	0.525369
20	1.21142
21	0.889825
22	1.52091
23	0.387879
24	0.552453
25	0.62427
26	0.441998
27	0.356868
28	0.293236
29	0.235426
30	0.304956
31	0.394105
32	0.346947
33	1.23144
34	0.893287
35	0.515632
36	0.384411
37	0.314768
38	0.311282
39	0.475292
40	12.8083
inf	0.00374749
================== Frontier ==================
14667	99
15031	97
15426	95
15495	93
15607	91
15672	89
15968	87
16161	85
16251	83
16431	81
16736	79
16898	77
17010	75
17109	72
17264	70
17313	68
17354	66
17438	64
17468	62
17477	60
17548	56
17570	54
17570	44
17591	42
17606	39
17631	37
17666	35
17707	33
17739	29
17793	26
17859	24
17941	22
18082	20
18346	17
20070	15
20335	13
21200	11
22763	9
24294	7
32528	5
43420	3
