Frontier size:	24
Weakly efficient:	0
Total time:	16.9151
point	 time
0	2.49065
1	0.929066
2	0.593503
3	0.402128
4	0.578213
5	1.05296
6	0.782049
7	0.434264
8	0.510388
9	0.466033
10	0.580077
11	0.273625
12	0.438579
13	0.396095
14	0.759553
15	0.55323
16	0.516733
17	0.438659
18	0.413576
19	1.82028
20	0.307143
21	0.657435
22	0.97721
23	0.487706
inf	0.00373066
================== Frontier ==================
14667	63
14672	61
14688	58
14692	55
14712	52
14730	50
14739	46
14776	44
14784	42
14844	40
14855	37
15012	35
15891	33
15914	31
16621	29
19178	27
19254	24
20064	22
22719	20
26021	18
27069	15
29075	13
33129	10
33140	7
