Frontier size:	41
Weakly efficient:	0
Total time:	102.491
point	 time
0	0.594523
1	1.20972
2	0.880169
3	1.11005
4	1.52185
5	2.36787
6	0.892001
7	0.628919
8	1.67499
9	1.04047
10	1.40588
11	1.10472
12	0.504683
13	0.42348
14	1.42246
15	0.409204
16	0.670676
17	1.24499
18	1.15415
19	1.39548
20	0.810182
21	1.05134
22	1.41771
23	1.22936
24	1.10527
25	0.94204
26	0.44858
27	0.494846
28	1.31845
29	0.965198
30	0.348825
31	0.583848
32	0.618344
33	0.587672
34	0.934489
35	1.25525
36	0.663656
37	0.99997
38	0.867602
39	3.18119
40	60.9263
inf	0.0034232
================== Frontier ==================
47249	99
47683	97
47850	95
48063	93
48305	91
48472	89
48578	87
48783	85
48904	83
49017	81
49170	79
49287	77
49420	75
49590	73
49728	71
49792	69
49922	67
50008	65
50080	61
50173	58
50179	56
50196	47
50213	45
50219	40
50249	36
50296	34
50341	31
50360	29
50451	27
50520	25
50530	23
50635	21
50719	19
50830	17
50929	15
50968	13
51038	11
51180	9
51364	7
53906	5
66736	3
