Frontier size:	42
Weakly efficient:	0
Total time:	37.9018
point	 time
0	1.18617
1	0.997037
2	0.636448
3	0.442649
4	0.673897
5	0.554448
6	0.885706
7	0.418177
8	0.448936
9	0.289824
10	0.665809
11	1.27056
12	0.832686
13	0.336915
14	1.23017
15	1.32488
16	0.496465
17	0.602311
18	1.29614
19	0.945232
20	1.37676
21	1.10301
22	1.56379
23	1.00437
24	1.24563
25	0.905237
26	0.727122
27	0.471318
28	0.785893
29	0.862517
30	1.16705
31	0.882076
32	1.1239
33	0.884755
34	0.882892
35	0.823898
36	0.830955
37	0.683126
38	0.905314
39	1.2198
40	0.912125
41	1.8787
inf	0.00363221
================== Frontier ==================
41007	99
41295	97
41519	95
41755	93
41975	91
42181	89
42378	87
42504	85
42660	83
42710	81
42943	79
43112	77
43224	75
43349	73
43447	71
43558	69
43649	67
43671	65
43784	62
43786	60
43831	58
43862	47
43887	45
43941	43
43963	41
43965	38
43998	36
44035	34
44059	32
44129	30
44158	28
44163	26
44264	24
44311	22
44382	20
44452	18
44573	16
44659	14
44732	12
44928	10
45076	8
47950	6
