Frontier size:	24
Weakly efficient:	0
Total time:	2.79121
point	 time
0	0.111336
1	0.109821
2	0.100814
3	0.125474
4	0.193037
5	0.155014
6	0.143343
7	0.0919447
8	0.0832433
9	0.141422
10	0.0878414
11	0.0709342
12	0.182217
13	0.18424
14	0.0751023
15	0.128785
16	0.172084
17	0.0851454
18	0.195158
19	0.0576038
20	0.0743515
21	0.0806365
22	0.0475056
23	0.073017
inf	0.000833696
================== Frontier ==================
6051	99
6095	97
6176	95
6329	93
6411	90
6527	84
6590	82
6669	78
6755	76
6916	72
6929	68
7023	66
7085	60
7095	50
7102	44
7147	32
7166	27
7205	24
7713	20
8127	18
8603	15
8610	13
8996	11
9812	8
