Frontier size:	45
Weakly efficient:	0
Total time:	112.064
point	 time
0	2.5944
1	1.6721
2	2.69555
3	2.05907
4	2.02408
5	4.0444
6	2.28475
7	1.85805
8	2.51088
9	2.28334
10	2.12675
11	2.30515
12	1.90662
13	2.66272
14	3.31711
15	1.96502
16	1.50044
17	2.49878
18	2.12136
19	1.84183
20	1.89195
21	2.73238
22	2.27765
23	1.85538
24	1.8315
25	2.19581
26	1.78857
27	1.54838
28	1.95465
29	1.4195
30	1.43065
31	1.03811
32	0.901228
33	0.818226
34	1.83819
35	1.13563
36	0.870324
37	1.63994
38	1.08664
39	1.63473
40	2.95734
41	0.871869
42	1.50473
43	1.27723
44	27.1665
inf	0.00366791
================== Frontier ==================
61633	99
61977	97
62278	95
62425	93
62683	91
62822	89
62955	87
63151	85
63286	83
63411	81
63745	79
63897	77
64001	75
64256	73
64339	71
64451	69
64519	67
64592	65
64620	63
64667	61
64708	59
64741	56
64761	54
64782	49
64792	46
64798	43
64823	41
64853	39
64870	36
64907	34
64918	32
64927	30
64943	28
64985	26
65050	24
65088	22
65126	20
65199	18
65276	16
65393	14
65533	12
65621	10
65855	8
67392	6
76908	4
