Frontier size:	35
Weakly efficient:	1
Total time:	4.66804
point	 time
0	0.0389045
1	0.0328337
2	0.036708
3	0.0274719
4	0.0313668
5	0.0319845
6	0.0281928
7	0.0341224
8	0.116559
9	0.158757
10	0.17479
11	0.172915
12	0.112046
13	0.107333
14	0.0910474
15	0.121119
16	0.113227
17	0.126018
18	0.126645
19	0.212375
20	0.219497
21	0.226797
22	0.160903
23	0.121474
24	0.155453
25	0.137255
26	0.197104
27	0.204383
28	0.221289
29	0.225683
30	0.159231
31	0.135625
32	0.232322
33	0.120408
34	0.0671879
35	0.0624688
inf	0.0039672
================== Frontier ==================
17246	99
17625	97
17851	95
18093	93
18237	91
18383	89
18502	87
18662	85
20254	83
21213	81
21378	79
21569	77
21709	75
21847	72
21946	69
24426	67
24503	65
24687	60
24773	55
24823	44
24857	38
24884	35
24884	33
24953	30
24967	28
25021	26
25819	24
25863	22
30118	19
32465	17
33366	15
57071	13
64469	11
66812	9
108136	7
131960	5
