Frontier size:	43
Weakly efficient:	0
Total time:	27.6238
point	 time
0	0.205541
1	0.303394
2	0.28182
3	0.801548
4	1.21755
5	0.76226
6	0.261667
7	1.10028
8	0.818798
9	0.563296
10	1.10534
11	1.18003
12	0.554992
13	0.318127
14	0.436928
15	0.287593
16	0.308162
17	0.277981
18	0.221328
19	0.306105
20	0.307993
21	0.271166
22	0.274032
23	0.220191
24	0.209494
25	0.618359
26	0.394861
27	0.288272
28	0.538484
29	0.519136
30	0.483916
31	0.54799
32	0.490847
33	0.475295
34	0.355464
35	0.571441
36	0.969352
37	0.476266
38	0.338272
39	4.30801
40	0.590481
41	1.53262
42	1.34507
inf	0.0049376
================== Frontier ==================
7887	99
8307	97
8727	95
9021	93
9390	91
9508	89
9811	87
10007	85
10178	83
10194	81
10325	79
10437	77
10606	75
10691	73
10749	71
10951	69
11039	67
11120	65
11267	63
11407	61
11457	59
11519	57
11566	47
11570	45
11572	42
11634	39
11637	37
11652	35
11700	33
11746	31
11821	29
11903	27
11949	25
12037	23
12107	21
12197	19
12310	17
12488	15
12580	13
12811	11
13427	9
15770	7
17101	5
