Frontier size:	23
Weakly efficient:	0
Total time:	10.5315
point	 time
0	0.204947
1	0.19198
2	0.242694
3	0.217332
4	0.225053
5	0.259301
6	0.260866
7	0.255206
8	0.269383
9	0.38424
10	0.443256
11	0.476554
12	0.49286
13	0.504514
14	0.331509
15	0.332133
16	0.645102
17	1.24329
18	0.888826
19	0.871939
20	0.467221
21	0.542288
22	0.664028
inf	0.00516074
================== Frontier ==================
7887	84
7894	64
7895	62
7900	56
7901	54
7902	50
7923	48
7956	46
7978	43
8122	41
8158	39
8184	37
8256	35
8292	32
8316	30
8369	28
9006	26
9436	23
9781	21
10708	19
10833	17
12121	15
13820	13
