Frontier size:	39
Weakly efficient:	0
Total time:	24.0974
point	 time
0	0.967929
1	0.514957
2	0.977191
3	0.805088
4	0.865952
5	0.40235
6	0.618631
7	0.801777
8	0.90984
9	0.33048
10	0.215796
11	0.273976
12	0.409364
13	2.79047
14	0.457455
15	0.438377
16	0.546264
17	0.247914
18	0.54632
19	0.27451
20	1.0617
21	0.713396
22	1.24573
23	2.25057
24	0.85828
25	0.45925
26	0.413315
27	0.368172
28	0.176417
29	0.149291
30	0.160231
31	0.218888
32	0.138136
33	0.359298
34	0.35006
35	0.380057
36	0.25841
37	0.359172
38	0.610107
inf	0.00487612
================== Frontier ==================
5114	99
5536	97
5832	95
6050	93
6151	91
6439	89
6906	87
7145	85
7427	83
7694	81
7835	79
7994	77
8172	75
8320	73
8323	71
8442	68
8479	66
8627	63
8649	60
8677	58
8717	48
8736	43
8751	40
8758	38
8788	36
8826	34
8875	32
8993	28
9230	25
9252	23
9378	20
9473	18
9497	16
11250	14
11562	12
12863	10
13390	8
16058	6
22202	4
