Frontier size:	44
Weakly efficient:	0
Total time:	737.511
point	 time
0	2.35695
1	151.754
2	2.49591
3	4.98585
4	16.5915
5	54.7376
6	2.43557
7	7.09578
8	20.426
9	32.0479
10	5.13913
11	20.9071
12	6.14768
13	3.69989
14	4.01032
15	6.46003
16	2.55476
17	3.09197
18	2.47578
19	4.17196
20	2.98822
21	8.45151
22	9.15932
23	4.18738
24	65.5737
25	100.159
26	19.9783
27	13.4613
28	10.3848
29	2.73314
30	13.0092
31	21.0332
32	14.7155
33	8.32549
34	33.524
35	14.0694
36	3.61816
37	15.4743
38	3.32153
39	6.38666
40	3.53978
41	6.53658
42	1.64795
43	1.42279
inf	0.0048
================== Frontier ==================
36022	99
36495	97
36766	95
37004	93
37255	91
37551	89
37779	87
37903	85
38088	83
38281	81
38485	79
38763	77
38987	75
39112	73
39251	71
39438	69
39536	67
39586	65
39641	63
39681	61
39759	59
39777	55
39793	52
39797	50
39821	46
39822	44
39847	42
39851	40
39901	38
39938	36
39965	33
40008	31
40053	29
40094	27
40151	25
40242	22
40311	20
40413	18
40456	16
40607	14
40711	12
40871	10
41336	8
42247	6
