Frontier size:	41
Weakly efficient:	0
Total time:	20.9986
point	 time
0	0.111852
1	0.171331
2	0.623009
3	1.3726
4	1.23149
5	0.225842
6	0.198743
7	1.17353
8	0.177189
9	1.87053
10	0.923061
11	0.537629
12	0.703338
13	1.33432
14	0.154723
15	1.21901
16	0.18793
17	0.636232
18	1.31734
19	0.260124
20	0.196043
21	0.229521
22	0.210897
23	0.256318
24	0.247746
25	0.245858
26	0.217774
27	0.187749
28	0.178762
29	0.167201
30	0.150283
31	0.164133
32	0.229713
33	0.182624
34	0.137021
35	0.140653
36	0.159908
37	1.20722
38	0.265439
39	0.459924
40	1.12652
inf	0.00637185
================== Frontier ==================
17676	99
18133	97
18489	95
18717	93
18874	91
19203	89
19516	87
19711	85
19959	83
20219	81
20328	79
20445	76
20564	73
20723	71
20786	69
20974	67
21026	65
21197	63
21271	61
21285	58
21362	56
21396	53
21406	45
21434	41
21468	39
21478	37
21503	35
21523	32
21564	30
21569	28
21651	26
21707	24
21780	22
21857	20
21886	18
21961	16
22035	14
22429	12
22785	10
25023	8
31748	6
