Frontier size:	22
Weakly efficient:	0
Total time:	35.4293
point	 time
0	2.24317
1	0.687302
2	2.54573
3	1.75864
4	1.72317
5	1.96399
6	5.93475
7	2.16304
8	4.60288
9	1.43439
10	1.60305
11	2.3432
12	1.58489
13	0.786872
14	0.484302
15	0.610837
16	0.676935
17	0.667681
18	0.434529
19	0.384159
20	0.458052
21	0.221798
inf	0.00664249
================== Frontier ==================
48701	57
48705	52
48728	49
48737	47
48744	44
48837	41
48882	39
48907	36
49009	34
49035	31
49068	28
49115	26
53630	23
53972	21
56512	19
70151	17
81829	15
82574	13
88308	11
97515	9
103483	7
109494	5
