Frontier size:	41
Weakly efficient:	0
Total time:	121.709
point	 time
0	2.29345
1	22.3019
2	4.39879
3	2.89518
4	1.06066
5	7.41951
6	1.28343
7	0.883551
8	1.22381
9	2.16002
10	2.77294
11	1.4333
12	2.36996
13	1.28324
14	2.41603
15	3.48412
16	2.75
17	1.9165
18	2.60631
19	1.98568
20	2.02051
21	4.64956
22	4.3807
23	1.85173
24	9.21179
25	2.02054
26	1.89318
27	2.60741
28	9.15841
29	2.36625
30	3.08589
31	1.43529
32	1.80557
33	0.855038
34	1.52528
35	1.07112
36	0.602149
37	0.528953
38	0.657251
39	0.30119
40	0.566047
inf	0.00481861
================== Frontier ==================
48701	99
49068	97
49236	95
49537	93
49815	91
50091	89
50276	87
50577	85
50790	83
50977	81
51160	79
51326	77
51501	75
51617	73
51740	71
51814	69
51958	67
52132	65
52188	63
52236	61
52317	59
52344	57
52380	55
52408	53
52437	45
52451	40
52471	38
52484	35
52553	32
52614	29
52719	27
52727	25
52760	23
52854	21
52947	19
53037	17
55209	15
55383	13
56028	11
64960	9
73279	7
