Frontier size:	44
Weakly efficient:	0
Total time:	169.347
point	 time
0	17.2643
1	2.26768
2	18.7746
3	1.38593
4	44.6326
5	12.0017
6	5.45981
7	1.78477
8	0.589001
9	2.6002
10	1.11927
11	1.35902
12	2.29616
13	1.03907
14	1.79193
15	2.21996
16	1.49913
17	1.76341
18	2.22162
19	4.33143
20	1.19267
21	1.78983
22	1.63344
23	1.95403
24	0.440149
25	1.43281
26	0.919676
27	1.63513
28	2.76647
29	3.17398
30	2.51365
31	1.18224
32	1.66943
33	1.27621
34	0.745311
35	1.75051
36	1.98049
37	1.16593
38	0.287487
39	0.510672
40	2.56648
41	1.07873
42	2.89508
43	6.19827
inf	0.00442824
================== Frontier ==================
66230	99
66501	97
66753	95
66978	93
67266	91
67601	89
67804	87
68098	85
68293	83
68474	81
68653	79
68817	77
68869	75
69012	73
69107	71
69239	69
69340	67
69424	65
69524	63
69605	61
69703	59
69768	57
69825	52
69837	46
69852	44
69866	42
69909	39
69983	37
70008	35
70053	33
70080	31
70133	29
70165	27
70246	24
70300	22
70424	20
70519	18
70594	16
70654	14
70837	12
73864	10
74697	8
78905	6
95809	4
