Frontier size:	43
Weakly efficient:	0
Total time:	17.4398
point	 time
0	0.623527
1	0.744928
2	0.372079
3	0.363722
4	0.506505
5	0.75718
6	0.55178
7	0.287758
8	0.430324
9	0.175237
10	0.21631
11	0.227961
12	0.204812
13	0.142771
14	0.156184
15	0.188232
16	0.216121
17	0.197377
18	0.952495
19	0.515611
20	0.595823
21	0.352511
22	0.281339
23	0.392014
24	0.408033
25	0.441747
26	0.706029
27	0.359559
28	0.484173
29	0.17418
30	0.279184
31	0.290539
32	0.598879
33	0.166011
34	0.16868
35	0.296317
36	0.672689
37	0.579723
38	0.654762
39	0.536496
40	0.673376
41	0.246333
42	0.0851055
inf	0.00501713
================== Frontier ==================
58964	99
59393	97
59661	95
59893	93
60218	91
60547	89
60739	87
60914	85
61159	83
61311	81
61495	79
61641	77
61821	75
61930	73
62082	71
62250	69
62337	67
62377	65
62518	63
62522	61
62558	59
62605	57
62670	47
62699	45
62751	42
62785	38
62839	35
62867	33
62886	31
62984	29
63033	27
63065	24
63092	22
63215	20
63309	18
63449	16
74160	14
74285	12
77460	10
92931	8
115228	6
136886	4
216306	2
