Frontier size:	45
Weakly efficient:	0
Total time:	155.479
point	 time
0	5.25333
1	3.03955
2	6.74919
3	1.71764
4	4.31869
5	3.14965
6	1.97281
7	1.61208
8	2.34452
9	2.5958
10	11.0397
11	4.55427
12	2.43732
13	5.06182
14	1.98226
15	1.65524
16	1.46204
17	1.54244
18	4.24321
19	0.385195
20	3.18294
21	1.21323
22	1.21488
23	2.6671
24	1.70142
25	2.52529
26	1.90334
27	7.50185
28	1.4543
29	1.57208
30	3.29936
31	2.03785
32	2.58411
33	2.5971
34	2.33742
35	1.91431
36	1.37427
37	1.29845
38	1.17674
39	0.818834
40	0.829062
41	1.36097
42	2.77758
43	3.35752
44	35.4724
inf	0.00481428
================== Frontier ==================
79614	99
80028	97
80363	95
80681	93
81132	91
81368	89
81546	87
81706	85
81946	83
82129	81
82203	79
82348	77
82488	75
82593	73
82701	71
82901	69
82997	67
83095	65
83205	61
83261	59
83328	55
83329	53
83355	51
83372	46
83439	44
83457	41
83466	39
83513	37
83527	35
83548	33
83596	31
83620	29
83717	27
83776	25
84445	23
84611	21
84662	19
84831	17
84901	15
85015	13
85190	11
85294	9
90224	7
98474	5
139397	3
