Frontier size:	20
Weakly efficient:	0
Total time:	3.12141
point	 time
0	0.309009
1	0.232138
2	0.300767
3	0.092582
4	0.133774
5	0.118035
6	0.207192
7	0.251176
8	0.199139
9	0.256014
10	0.166223
11	0.0665472
12	0.110461
13	0.0515223
14	0.0519528
15	0.186397
16	0.107689
17	0.0934792
18	0.0863563
19	0.0825622
inf	0.000907661
================== Frontier ==================
7168	99
7249	96
7532	93
7707	91
7927	89
7969	87
8545	85
8569	83
8596	81
8664	79
8667	73
8735	71
8774	69
8807	67
8963	46
9723	39
9745	36
9971	30
10003	25
11263	22
