Frontier size:	46
Weakly efficient:	0
Total time:	27.504
point	 time
0	0.44147
1	0.697914
2	0.348104
3	1.4384
4	0.124414
5	0.75887
6	0.749977
7	0.449617
8	1.71833
9	0.239913
10	0.363286
11	0.702928
12	0.169221
13	0.391789
14	0.254913
15	0.298018
16	0.31514
17	0.491986
18	0.309149
19	0.593452
20	0.452884
21	0.201472
22	0.488934
23	0.519378
24	0.894564
25	0.876828
26	0.685799
27	0.436514
28	0.414556
29	0.351182
30	0.283097
31	0.264435
32	0.307356
33	0.474024
34	1.51757
35	1.33637
36	1.27102
37	0.860238
38	0.662054
39	0.692491
40	0.375873
41	0.457271
42	0.60579
43	0.625343
44	1.14424
45	0.230091
inf	0.00612548
================== Frontier ==================
5937	99
6258	97
6695	95
6894	93
7199	91
7718	89
8015	87
8269	85
8444	83
8754	81
9043	79
9194	77
9315	75
9388	73
9470	71
9628	69
9753	67
9845	65
9863	63
9967	61
10008	59
10063	57
10114	53
10231	50
10272	47
10297	45
10304	43
10332	41
10365	39
10434	37
11791	35
11830	33
11888	31
11970	29
12076	27
12154	25
12279	22
12330	20
12945	18
13240	16
14164	14
14898	12
16606	10
17717	8
21073	6
22568	4
