Frontier size:	23
Weakly efficient:	0
Total time:	42.1448
point	 time
0	3.59762
1	0.684477
2	5.01814
3	2.61912
4	0.757722
5	3.04873
6	5.86336
7	4.18022
8	4.75793
9	3.16498
10	0.592963
11	0.607071
12	0.376716
13	0.42407
14	0.424284
15	0.387963
16	0.691111
17	0.487082
18	0.591232
19	1.26516
20	1.5757
21	0.61837
22	0.278889
inf	0.00586219
================== Frontier ==================
9060	60
9075	58
9116	56
9123	54
9126	51
9156	49
9157	47
9163	45
9197	43
9224	40
9332	38
9337	36
9395	33
9396	31
9742	29
9884	27
10299	24
10318	22
11130	20
13381	18
14119	16
16669	14
17732	12
