Frontier size:	44
Weakly efficient:	0
Total time:	161.796
point	 time
0	3.59362
1	0.829708
2	0.306186
3	0.628448
4	0.468928
5	0.549795
6	0.474297
7	0.673882
8	2.3849
9	66.27
10	9.69813
11	9.7298
12	48.7608
13	0.406297
14	0.377142
15	0.417502
16	0.395251
17	0.457563
18	0.376019
19	0.193651
20	0.234237
21	0.427295
22	0.496849
23	0.589893
24	0.619774
25	0.251588
26	0.46774
27	0.528829
28	0.688778
29	0.66508
30	0.54761
31	0.551981
32	0.60034
33	1.06288
34	0.62958
35	0.480633
36	0.353906
37	0.76731
38	0.863922
39	0.884349
40	0.571122
41	0.61304
42	0.755788
43	0.938742
inf	0.00703952
================== Frontier ==================
9060	99
9590	97
9991	95
10190	93
10411	91
10716	89
10884	87
11246	85
11451	83
11713	81
11991	79
12409	77
12543	75
12657	73
12792	71
12965	69
13133	67
13283	65
13317	62
13370	60
13438	58
13478	55
13500	53
13503	48
13548	45
13555	43
13579	39
13660	37
13702	35
13761	33
13809	31
13822	29
13877	27
13921	25
14119	23
14285	21
14319	19
14621	17
14710	15
14961	13
15075	11
15673	9
16421	7
18891	5
