Frontier size:	43
Weakly efficient:	0
Total time:	68.8151
point	 time
0	2.95313
1	1.31957
2	0.410518
3	1.07309
4	0.954918
5	0.600626
6	0.876534
7	1.33918
8	1.01719
9	1.34789
10	1.91635
11	0.884794
12	1.04534
13	1.33278
14	2.21523
15	0.353428
16	1.01481
17	2.26005
18	1.46824
19	11.5509
20	1.66175
21	1.62122
22	1.4698
23	2.51946
24	0.894295
25	0.819825
26	0.878581
27	0.956168
28	0.894643
29	1.11593
30	1.36314
31	1.04411
32	1.14879
33	1.12319
34	0.786964
35	0.55399
36	0.92112
37	3.91387
38	0.409253
39	1.31093
40	3.09488
41	1.43044
42	2.73082
inf	0.00626803
================== Frontier ==================
34652	99
35077	97
35433	95
35736	93
36157	91
36317	89
36712	87
37001	85
37274	83
37483	81
37809	79
38006	77
38271	75
38454	73
38548	71
38663	69
38810	67
38861	65
38988	63
39112	61
39194	59
39215	55
39261	52
39275	45
39284	43
39313	41
39334	39
39375	36
39406	34
39444	31
39476	29
39546	27
39607	25
39664	23
39713	21
39862	19
39995	17
40350	15
40466	13
43426	11
43867	9
49988	7
59138	5
