Frontier size:	45
Weakly efficient:	0
Total time:	31.9528
point	 time
0	0.714468
1	0.675202
2	0.713397
3	0.526484
4	0.602962
5	0.384
6	0.321812
7	0.978843
8	0.413254
9	0.930033
10	0.368005
11	0.501928
12	0.33317
13	0.299146
14	0.398961
15	0.167236
16	0.654131
17	0.763267
18	0.419288
19	1.06994
20	0.959632
21	0.452542
22	0.813428
23	0.722248
24	0.475375
25	0.476099
26	0.705699
27	0.627918
28	0.398741
29	0.734543
30	0.452238
31	0.694335
32	0.559599
33	0.395165
34	0.518091
35	0.913618
36	0.793402
37	0.673509
38	0.77331
39	1.54294
40	0.781886
41	2.6806
42	1.18593
43	0.964144
44	1.2038
inf	0.00617839
================== Frontier ==================
30038	99
30501	97
30813	95
31073	93
31435	91
31643	89
31872	87
32126	85
32399	83
32666	81
32904	79
33129	77
33363	75
33528	73
33655	71
33799	69
34034	67
34109	65
34195	63
34248	61
34309	59
34371	56
34396	54
34429	48
34437	46
34451	44
34476	42
34506	40
34508	38
34539	36
34549	34
34575	31
34607	29
34689	27
34714	25
34857	23
34908	21
34947	19
35058	17
35373	15
35463	13
35987	11
36187	9
36749	7
41177	5
