Frontier size:	43
Weakly efficient:	0
Total time:	13.1114
point	 time
0	0.123757
1	0.45454
2	0.59484
3	0.308545
4	0.37404
5	0.173614
6	0.409021
7	0.320715
8	0.221209
9	0.26776
10	0.279314
11	0.120633
12	0.166998
13	0.432188
14	0.157497
15	0.340608
16	0.427511
17	0.181474
18	0.335562
19	0.179536
20	0.177808
21	0.172357
22	0.271141
23	0.155729
24	0.336486
25	0.15979
26	0.161976
27	0.15484
28	0.192737
29	0.200836
30	0.262653
31	0.157449
32	0.36664
33	0.224791
34	0.317834
35	0.285793
36	0.142364
37	0.336958
38	0.48666
39	0.333822
40	1.527
41	0.424701
42	0.182742
inf	0.00653839
================== Frontier ==================
43853	99
44321	97
44750	95
44972	93
45203	91
45435	89
45809	87
46220	85
46482	83
46680	81
46859	79
46996	77
47094	75
47344	73
47533	71
47679	69
47751	67
47824	65
47922	63
47933	60
47978	58
48092	51
48115	49
48117	46
48166	44
48210	40
48212	37
48296	35
48313	32
48355	30
48437	28
48484	26
48572	24
48619	22
48691	20
48767	18
48808	16
50231	14
60483	12
61311	10
84108	8
101011	6
131607	4
