Frontier size:	47
Weakly efficient:	0
Total time:	2941.04
point	 time
0	2.01689
1	37.5286
2	10.3262
3	34.6979
4	119.784
5	27.6833
6	62.1166
7	28.6679
8	7.32788
9	38.5866
10	49.6682
11	8.26573
12	465.222
13	11.5747
14	61.0263
15	66.1916
16	23.624
17	10.2671
18	12.6327
19	57.7156
20	14.9765
21	10.7667
22	4.06239
23	10.2573
24	146.485
25	4.19192
26	3.4662
27	10.5485
28	50.3334
29	384.205
30	194.446
31	18.3686
32	177.748
33	10.1057
34	2.4914
35	6.86579
36	168.918
37	73.1057
38	5.0333
39	26.8637
40	4.99186
41	16.2378
42	19.0703
43	5.19279
44	432.794
45	2.32691
46	1.98235
inf	0.00604731
================== Frontier ==================
69610	99
70002	97
70299	95
70680	93
70901	91
71266	89
71512	87
71766	85
71988	83
72277	81
72431	79
72652	77
72967	75
73079	73
73355	71
73414	69
73573	67
73700	65
73871	63
73911	61
73944	59
74003	57
74036	54
74046	52
74066	50
74095	48
74110	46
74160	43
74171	41
74205	39
74212	37
74258	35
74307	33
74323	31
74337	29
74406	27
74477	25
74547	23
77441	21
77566	19
81874	17
82068	15
82153	13
82225	11
88587	9
89595	7
102335	5
