Frontier size:	42
Weakly efficient:	1
Total time:	18.865
point	 time
0	0.154117
1	0.341874
2	0.474266
3	0.480955
4	0.133416
5	0.130466
6	0.166012
7	0.180804
8	0.579512
9	0.45833
10	0.517044
11	0.262701
12	0.174912
13	0.277675
14	0.329506
15	0.57243
16	0.17504
17	0.202175
18	0.24736
19	0.196147
20	0.377213
21	0.170772
22	0.25311
23	0.166355
24	0.173195
25	0.276576
26	0.429616
27	0.260421
28	0.58145
29	0.337024
30	0.49961
31	0.26958
32	0.298565
33	0.392614
34	0.480092
35	0.33562
36	0.295791
37	0.281484
38	0.646076
39	0.751002
40	1.19878
41	1.62791
42	2.5116
inf	0.00622442
================== Frontier ==================
64474	99
64878	97
65233	95
65579	93
65907	91
66254	89
66680	87
66943	85
67183	83
67345	81
67512	79
67714	77
67891	75
68061	73
68200	71
68340	69
68435	66
68578	64
68648	61
68714	59
68811	57
68837	55
68837	52
68855	48
68874	45
68907	40
68956	38
69031	35
69162	33
73875	31
73905	29
73957	27
73986	25
74040	23
74157	21
74268	19
74344	17
74488	15
80663	13
90801	11
102259	9
122587	7
149977	5
