Frontier size:	44
Weakly efficient:	0
Total time:	7.14365
point	 time
0	0.0483367
1	0.116824
2	0.104791
3	0.0564126
4	0.0575607
5	0.0625548
6	0.0500677
7	0.0553686
8	0.0552482
9	0.0771271
10	0.0749664
11	0.065664
12	0.0597585
13	0.0471611
14	0.0526435
15	0.0566664
16	0.0642048
17	0.0642289
18	0.0662013
19	0.0481448
20	0.0454237
21	0.0483071
22	0.0580333
23	0.0971616
24	0.0719373
25	0.0640493
26	0.0481478
27	0.0551279
28	0.0565882
29	0.0679696
30	0.0448339
31	0.0517073
32	0.0487374
33	0.076984
34	0.0544528
35	0.349567
36	0.35646
37	0.226983
38	0.312296
39	0.72038
40	0.614996
41	1.13492
42	0.287991
43	0.774468
inf	0.00630076
================== Frontier ==================
49791	99
50348	97
50641	95
50905	93
51076	91
51547	89
51895	87
52201	85
52613	83
52783	81
52937	79
53061	77
53308	75
53395	73
53560	71
53773	68
53881	66
53992	64
54055	62
54211	60
54216	58
54283	56
54309	53
54353	49
54409	47
54509	45
54526	43
54568	41
54589	37
54637	33
54657	31
54673	29
54677	27
54806	25
54917	23
65957	21
66029	19
66106	17
72065	15
83171	13
89046	11
95185	9
101537	7
156289	5
