Frontier size:	22
Weakly efficient:	0
Total time:	5.08014
point	 time
0	0.24189
1	0.499679
2	0.267665
3	0.399195
4	0.374147
5	0.63205
6	0.275845
7	0.252743
8	0.236883
9	0.257408
10	0.148281
11	0.180408
12	0.151856
13	0.138451
14	0.123355
15	0.18398
16	0.161884
17	0.096256
18	0.110267
19	0.0839451
20	0.162589
21	0.0785163
inf	0.00108238
================== Frontier ==================
4551	99
4704	97
4791	95
4884	92
4943	88
5030	86
5141	84
5187	82
5207	79
5324	75
5401	71
5446	66
5500	61
5526	57
5571	39
5620	35
5655	28
5675	25
5903	22
6011	17
6180	15
6219	12
