Frontier size:	24
Weakly efficient:	0
Total time:	4.40617
point	 time
0	0.142775
1	0.0977734
2	0.102053
3	0.181548
4	0.131415
5	0.189473
6	0.273316
7	0.0956078
8	0.218664
9	0.167731
10	0.236296
11	0.234384
12	0.20014
13	0.24377
14	0.290887
15	0.183352
16	0.122826
17	0.213551
18	0.289695
19	0.170175
20	0.447666
21	0.07488
22	0.0429168
23	0.0318782
inf	0.00117906
================== Frontier ==================
2269	99
2397	97
2462	95
2637	93
2756	91
2771	88
2879	85
2882	82
2958	79
3077	77
3103	74
3126	71
3184	68
3195	64
3206	59
3223	37
3298	35
3380	23
3603	21
3623	18
3666	16
3700	14
3716	10
3924	8
