Frontier size:	22
Weakly efficient:	0
Total time:	10.0188
point	 time
0	0.573434
1	0.852373
2	0.802598
3	0.53767
4	0.780243
5	0.762304
6	0.638894
7	0.521753
8	0.495329
9	0.509218
10	0.53159
11	0.357788
12	0.460225
13	0.46278
14	0.276688
15	0.246784
16	0.224209
17	0.149535
18	0.216829
19	0.0909581
20	0.24218
21	0.259012
inf	0.0014824
================== Frontier ==================
4366	99
4605	97
4736	95
4835	93
5045	91
5175	88
5239	86
5323	83
5403	80
5440	77
5503	75
5577	67
5588	63
5620	59
5654	37
5687	27
5766	23
5838	21
6194	19
6238	17
6506	15
6622	12
