Frontier size:	31
Weakly efficient:	0
Total time:	12.2819
point	 time
0	0.214097
1	0.338175
2	0.423725
3	0.482877
4	0.549592
5	0.915419
6	0.130333
7	0.193431
8	0.20374
9	0.143685
10	0.198138
11	0.186203
12	0.593719
13	0.846699
14	0.275751
15	0.333475
16	0.272894
17	0.217316
18	0.297123
19	0.304645
20	0.231993
21	0.385594
22	0.637114
23	0.575534
24	0.503802
25	0.197364
26	0.280455
27	0.279379
28	1.52486
29	0.435399
30	0.0735873
inf	0.00164149
================== Frontier ==================
2480	99
2708	96
2854	94
2889	92
2939	90
3003	88
3032	86
3158	84
3254	82
3366	80
3453	78
3527	76
3646	74
3732	71
3762	67
3848	64
3853	61
3912	43
3941	36
3949	33
3958	31
4047	28
4094	26
4116	23
4136	19
4232	16
4343	14
4393	12
4655	10
4794	8
4917	6
