Instance	 PP	 WP	 T. time	

1_0	5	0	1.05569
1_1	13	0	1.98755
1_2	21	0	4.26892
2_0	3	0	0.915152
2_1	3	0	0.725127
2_2	24	0	5.07294
3_0	3	0	0.29919
3_1	7	0	0.530392
3_2	24	0	2.79121
4_0	6	0	1.56164
4_1	8	0	1.76761
4_2	20	0	3.12141
5_0	2	0	0.534866
5_1	4	0	1.01753
5_2	22	0	5.08014
6_0	5	0	0.522871
6_1	6	0	0.580905
6_2	24	0	4.40617
7_0	5	0	2.05112
7_1	4	1	1.97278
7_2	22	0	10.0188
8_0	18	0	2.93428
8_1	17	0	3.01624
8_2	13	0	2.58474
9_0	3	0	0.619137
9_1	8	1	1.83337
9_2	31	0	12.2819
10_0	8	0	3.49885
10_1	10	0	4.09375
10_2	31	1	17.0889
11_0	8	0	6.5669
11_1	5	0	6.3924
11_2	33	0	49.4033
12_0	7	0	6.21084
12_1	9	0	11.62
12_2	32	0	17.5675
13_0	6	0	3.81219
13_1	6	0	2.99757
13_2	32	1	36.8884
14_0	6	0	3.93407
14_1	10	0	4.94703
14_2	28	0	10.2108
15_0	8	0	2.27251
15_1	10	0	6.34752
15_2	32	0	14.0638
16_0	8	0	2.52613
16_1	10	0	3.46807
16_2	30	0	15.5758
17_0	9	1	2.58504
17_1	16	0	4.93601
17_2	29	0	9.51498
18_0	8	0	8.90349
18_1	8	0	5.75418
18_2	35	0	26.0385
19_0	5	0	1.56358
19_1	17	0	10.174
19_2	40	0	17.7901
20_0	8	0	4.87595
20_1	6	0	4.38182
20_2	35	1	31.7553
21_0	9	0	14.614
21_1	6	0	11.4049
21_2	37	0	126.238
22_0	8	0	5.46068
22_1	12	0	9.02173
22_2	31	0	18.2984
23_0	8	0	4.83524
23_1	12	0	6.55573
23_2	34	0	32.1361
24_0	14	0	4.92378
24_1	14	0	4.72023
24_2	33	0	12.4662
25_0	6	0	1.06799
25_1	13	0	3.12889
25_2	33	0	9.88381
26_0	6	0	4.64989
26_1	13	0	28.9237
26_2	42	0	31.2091
27_0	16	0	5.34318
27_1	23	0	7.37903
27_2	35	0	11.3835
28_0	11	0	5.14849
28_1	14	0	6.41054
28_2	37	0	20.4088
29_0	6	0	2.48109
29_1	15	0	8.06192
29_2	36	0	15.4031
30_0	4	0	31.1428
30_1	6	0	33.5914
30_2	38	0	323.473
31_0	7	0	6.32569
31_1	6	0	3.94627
31_2	40	0	41.1582
32_0	11	0	5.47356
32_1	9	0	4.12026
32_2	33	1	16.7001
33_0	7	0	17.6298
33_1	9	0	21.1446
33_2	37	0	124.364
34_0	15	1	10.5903
34_1	13	0	8.12599
34_2	40	0	14.1988
35_0	10	0	3.4664
35_1	15	0	4.19163
35_2	41	0	15.6472
36_0	11	0	11.6251
36_1	17	0	14.6892
36_2	43	0	52.5609
37_0	14	0	12.3655
37_1	24	0	16.9151
37_2	40	1	48.38
38_0	9	0	56.3281
38_1	10	0	42.2204
38_2	41	0	102.491
39_0	10	0	46.3277
39_1	9	0	1511.35
39_2	42	0	37.9018
40_0	7	0	14.2825
40_1	7	0	16.6796
40_2	45	0	112.064
41_0	14	0	3.26323
41_1	15	0	3.23364
41_2	35	1	4.66804
42_0	9	0	7.30895
42_1	23	0	10.5315
42_2	43	0	27.6238
43_0	14	0	12.8131
43_1	17	0	7.28998
43_2	39	0	24.0974
44_0	7	0	39.2931
44_1	7	0	23.7444
44_2	44	0	737.511
45_0	16	0	12.5411
45_1	16	0	13.0632
45_2	41	0	20.9986
46_0	6	0	7.62131
46_1	22	0	35.4293
46_2	41	0	121.709
47_0	9	0	43.7473
47_1	18	0	70.9584
47_2	44	0	169.347
48_0	17	0	10.3823
48_1	15	0	6.0163
48_2	43	0	17.4398
49_0	2	0	6.36015
49_1	8	0	22.6539
49_2	45	0	155.479
50_0	14	0	28.4316
50_1	14	0	11.0662
50_2	46	0	27.504
51_0	11	0	10.5481
51_1	23	0	42.1448
51_2	44	0	161.796
52_0	5	0	53.5207
52_1	4	0	74.1361
52_2	43	0	68.8151
53_0	6	0	16.8058
53_1	10	0	13.7761
53_2	45	0	31.9528
54_0	11	0	6.31648
54_1	11	0	4.39025
54_2	43	0	13.1114
55_0	7	0	84.5087
55_1	10	0	83.3407
55_2	47	0	2941.04
56_0	14	0	10.4993
56_1	16	0	35.6085
56_2	42	1	18.865
57_0	7	0	3.78904
57_1	12	0	5.1215
57_2	44	0	7.14365
